0.5119435787200928 0.00767895532771945 -0.0015045622130855918 0.0005235962453298271 -0.0007773446850478649 -0.0012254518223926425 0.9999988079071045
1.0259532928466797 0.0070220669731497765 -0.0027560710441321135 0.0003577192546799779 -0.0017576450482010841 -0.002472927561029792 0.9999953508377075
1.5315954685211182 0.004966533277183771 -0.0016079576453194022 0.00024665516684763134 -0.0032487481366842985 -0.0031081673223525286 0.9999898672103882
2.0670547485351562 0.002681298879906535 0.003369343699887395 0.00030495409737341106 -0.004365801345556974 -0.004296247847378254 0.999981164932251
2.588304281234741 -0.006098390556871891 0.005966101307421923 0.0003862061712425202 -0.005285869352519512 -0.005394033621996641 0.9999713897705078
3.107605218887329 -0.01287288498133421 0.009923329576849937 0.0011998801492154598 -0.0059282612055540085 -0.0065791551023721695 0.9999600648880005
3.8279805183410645 -0.016617897897958755 0.0209344569593668 0.0014660304877907038 -0.00622933404520154 -0.007868110202252865 0.9999485611915588
4.15457010269165 -0.025055525824427605 0.028772519901394844 0.0005389623111113906 -0.005617497954517603 -0.008394460193812847 0.9999488592147827
4.743178844451904 -0.031110890209674835 0.036150045692920685 -0.000249759410507977 -0.004473296459764242 -0.009657483547925949 0.9999433159828186
5.330653190612793 -0.044247765094041824 0.038541603833436966 -4.615468787960708e-05 -0.0030303848907351494 -0.010938305407762527 0.9999356269836426
5.55796480178833 -0.052161358296871185 0.03508976101875305 0.0005112219951115549 -0.002850828692317009 -0.01120508648455143 0.9999330639839172
6.129405975341797 -0.054395124316215515 0.042531661689281464 -4.062043808517046e-05 -0.0027502805460244417 -0.012528713792562485 0.99991774559021
6.920622825622559 -0.06931740045547485 0.049092452973127365 -0.001467290217988193 -0.0027234044391661882 -0.014202173799276352 0.999894380569458
7.116211414337158 -0.07430442422628403 0.046380992978811264 -0.0021665350068360567 -0.0026887417770922184 -0.01416721474379301 0.9998937249183655
7.6272196769714355 -0.09521041810512543 0.04727141931653023 -0.0012738012010231614 -0.0026177004911005497 -0.015214801765978336 0.9998800754547119
8.230649948120117 -0.12159397453069687 0.05012848600745201 4.775277557200752e-05 -0.0022018691524863243 -0.016249144449830055 0.9998655915260315
8.627242088317871 -0.14111700654029846 0.054190024733543396 0.0013136796187609434 -0.0017079294193536043 -0.016605336219072342 0.9998598694801331
9.076980590820312 -0.1473694145679474 0.05802692100405693 0.001552186324261129 -0.001076039974577725 -0.01736336760222912 0.9998475313186646
9.677685737609863 -0.15887267887592316 0.0611121840775013 0.001202015089802444 -0.00034468999365344644 -0.017855698242783546 0.9998398423194885
10.042405128479004 -0.1713133156299591 0.05859202519059181 0.0006482817116193473 0.0001131504395743832 -0.017201660200953484 0.9998518824577332
10.579960823059082 -0.19186291098594666 0.0606159009039402 0.0012081501772627234 0.0005992798251099885 -0.017407994717359543 0.9998476505279541
11.187433242797852 -0.20914363861083984 0.05554581806063652 0.0021492515224963427 0.00043139688204973936 -0.017834657803177834 0.9998385906219482
11.426918983459473 -0.2125535011291504 0.05733505263924599 0.0017869435250759125 -0.00029873920721001923 -0.0185591671615839 0.999826192855835
12.060791969299316 -0.23739337921142578 0.05869137495756149 0.0011329945409670472 -0.0003446364717092365 -0.01912556402385235 0.999816358089447
12.532865524291992 -0.25435346364974976 0.0570853054523468 0.0007551585440523922 -0.00035452612792141736 -0.020262565463781357 0.9997943043708801
13.05803108215332 -0.2747230529785156 0.05240590125322342 0.0008598458953201771 -0.0010956296464428306 -0.02126382850110531 0.9997730255126953
13.469398498535156 -0.2975827157497406 0.05817108973860741 0.0021687147673219442 -0.001689135329797864 -0.022254925221204758 0.9997485876083374
14.017455101013184 -0.32332441210746765 0.058894380927085876 0.004317447543144226 -0.0016182647086679935 -0.024154407903552055 0.9996975660324097
14.38304328918457 -0.35399743914604187 0.06004779040813446 0.005311319138854742 -0.0016213670605793595 -0.025114769116044044 0.9996691942214966
14.899679183959961 -0.37686780095100403 0.06008997932076454 0.005635522771626711 -0.0012779482640326023 -0.026955856010317802 0.9996199607849121
15.32044506072998 -0.41118982434272766 0.05984792858362198 0.005790645256638527 -0.0010980552760884166 -0.028747141361236572 0.9995693564414978
15.7080078125 -0.42195069789886475 0.06018463894724846 0.005014966707676649 -0.0012124018976464868 -0.030175356194376945 0.9995313286781311
16.415773391723633 -0.46996578574180603 0.06115521490573883 0.004153073765337467 -0.0017154529923573136 -0.03248085826635361 0.9994623064994812
16.60576629638672 -0.4733600616455078 0.06261687725782394 0.004851947072893381 -0.0021771464962512255 -0.033750321716070175 0.999416172504425
17.139196395874023 -0.5230374932289124 0.05819856375455856 0.005629410967230797 -0.0032144400756806135 -0.0350525788962841 0.9993644952774048
17.608314514160156 -0.566252589225769 0.05873517692089081 0.005797802936285734 -0.004983917344361544 -0.037087563425302505 0.9992828369140625
18.115692138671875 -0.6073644161224365 0.06246093660593033 0.005971306934952736 -0.00599703611806035 -0.038827478885650635 0.9992101192474365
18.459453582763672 -0.6208968758583069 0.06772272288799286 0.0041142841801047325 -0.0064485217444598675 -0.04074652120471001 0.9991402626037598
19.107101440429688 -0.6920013427734375 0.07990331947803497 0.0020971971098333597 -0.005453638732433319 -0.04217914119362831 0.9990929961204529
19.441295623779297 -0.6936341524124146 0.0808945819735527 0.0017559942789375782 -0.003938852809369564 -0.0436854213476181 0.9990360736846924
19.873682022094727 -0.7447271347045898 0.08484430611133575 0.002517965855076909 -0.0025153933092951775 -0.04503856971859932 0.9989789724349976
20.408935546875 -0.8025789856910706 0.08858099579811096 0.003588997758924961 -0.0009568624664098024 -0.04639372602105141 0.9989163875579834
20.780879974365234 -0.8318148255348206 0.08910296112298965 0.004860810469835997 0.0001670744240982458 -0.04691534861922264 0.9988870620727539
21.231380462646484 -0.8731198310852051 0.08828113228082657 0.004370220471173525 0.00064903061138466 -0.04721996560692787 0.9988747835159302
21.89820671081543 -0.9356618523597717 0.07879173755645752 0.003567411797121167 -0.0001481925864936784 -0.04599976912140846 0.9989351034164429
22.116029739379883 -0.9428916573524475 0.08425456285476685 0.004051098134368658 -0.0013236593222245574 -0.04493516683578491 0.9989808797836304
22.567378997802734 -0.9854620695114136 0.08580448478460312 0.0051615736447274685 -0.0015088166110217571 -0.043197132647037506 0.999052107334137
23.11768341064453 -1.0230653285980225 0.08779756724834442 0.006098457146435976 -0.0012344253482297063 -0.04059441015124321 0.9991562962532043
23.466718673706055 -1.0449148416519165 0.0817020833492279 0.006453724578022957 -0.0011135295499116182 -0.038752444088459015 0.9992274045944214
23.901979446411133 -1.0723462104797363 0.08352507650852203 0.0065299952402710915 -0.0011873330222442746 -0.03669842705130577 0.9993043541908264
24.55137825012207 -1.118517279624939 0.09215153008699417 0.006857908796519041 -0.0004012290737591684 -0.03307167813181877 0.9994294047355652
24.787677764892578 -1.1220755577087402 0.0930706113576889 0.007017661817371845 0.0006109296227805316 -0.032064616680145264 0.9994610548019409
25.221263885498047 -1.1397637128829956 0.0866541936993599 0.006533275358378887 0.00026397701003588736 -0.030052930116653442 0.9995269775390625
25.71785545349121 -1.163927435874939 0.0841970443725586 0.00603716354817152 -0.0014190333895385265 -0.028208289295434952 0.9995828866958618
26.093114852905273 -1.18276047706604 0.0902935191988945 0.0063972920179367065 -0.002695634961128235 -0.027091823518276215 0.9996088743209839
26.419021606445312 -1.2041831016540527 0.09643035382032394 0.006715985480695963 -0.0024286878760904074 -0.02600139193236828 0.9996364116668701
27.029052734375 -1.2326303720474243 0.08838021010160446 0.007186558563262224 -0.00251455488614738 -0.024773873388767242 0.9996641278266907
27.195627212524414 -1.2308392524719238 0.08343750238418579 0.0066836061887443066 -0.003974645398557186 -0.02435709722340107 0.9996731281280518
27.711156845092773 -1.2504411935806274 0.09117847681045532 0.0063146669417619705 -0.005293083842843771 -0.022562118247151375 0.9997115135192871
28.04936981201172 -1.2573857307434082 0.10199124366044998 0.00661353999748826 -0.005195356905460358 -0.021018141880631447 0.9997437000274658
28.40740203857422 -1.2700986862182617 0.1087927296757698 0.0068198214285075665 -0.004280039109289646 -0.020463580265641212 0.9997581839561462
28.797149658203125 -1.2769173383712769 0.10938279330730438 0.005972151644527912 -0.0033556981943547726 -0.019285697489976883 0.9997905492782593
29.383108139038086 -1.2958191633224487 0.10520077496767044 0.004951620474457741 -0.0042009977623820305 -0.018130049109458923 0.9998145699501038
29.594072341918945 -1.2874294519424438 0.1085682064294815 0.003956804517656565 -0.00395336514338851 -0.01753000169992447 0.9998307228088379
30.008607864379883 -1.2921589612960815 0.11399596184492111 0.0035592701751738787 -0.0024196242447942495 -0.016634631901979446 0.9998524188995361
30.383258819580078 -1.310228943824768 0.11835256963968277 0.002662223530933261 -0.0006883359747007489 -0.015776602551341057 0.9998717904090881
30.834415435791016 -1.3203563690185547 0.11538589000701904 0.0017956398660317063 0.00034147140104323626 -0.015216430649161339 0.9998825788497925
31.160633087158203 -1.316818356513977 0.11584146320819855 0.0011233978439122438 0.0009707967401482165 -0.014078950509428978 0.9998998045921326
31.742944717407227 -1.3356142044067383 0.11562320590019226 -5.309049811330624e-06 0.0011397351045161486 -0.013014093972742558 0.9999146461486816
31.943254470825195 -1.3301382064819336 0.11427488923072815 -0.0012784983264282346 0.0021537088323384523 -0.012452596798539162 0.9999193549156189
32.365577697753906 -1.3374137878417969 0.10688140243291855 -0.0017472426407039165 0.0021749669685959816 -0.011170368641614914 0.9999337792396545
32.77699661254883 -1.3396600484848022 0.10376140475273132 -0.0019227134762331843 0.001136388280428946 -0.009654472582042217 0.9999508857727051
33.17375946044922 -1.3400920629501343 0.1018560528755188 -0.002670801244676113 -0.0005991781363263726 -0.00949014537036419 0.9999512434005737
33.48984146118164 -1.3378932476043701 0.10191788524389267 -0.004033456090837717 -0.0024477161932736635 -0.008999157696962357 0.9999483823776245
34.113773345947266 -1.3424290418624878 0.10362832993268967 -0.005014372523874044 -0.00382979866117239 -0.007748919539153576 0.999950110912323
34.336265563964844 -1.3336057662963867 0.10222284495830536 -0.005556547548621893 -0.004658072255551815 -0.007362882141023874 0.9999465942382812
34.80929183959961 -1.3372081518173218 0.10401090979576111 -0.006390556693077087 -0.005315789487212896 -0.006579437758773565 0.9999438524246216
35.23020935058594 -1.3389919996261597 0.11055291444063187 -0.006552604027092457 -0.004142670892179012 -0.005790580064058304 0.9999532103538513
35.642337799072266 -1.3423844575881958 0.11132100969552994 -0.005927003920078278 -0.002542465226724744 -0.005083087831735611 0.9999663233757019
35.93731689453125 -1.340793251991272 0.11259239912033081 -0.005851947236806154 -0.001205870183184743 -0.004159533418715 0.9999735355377197
36.56655502319336 -1.340234398841858 0.11521170288324356 -0.006411049515008926 -0.0002193271939177066 -0.0036924812011420727 0.9999725818634033
36.753108978271484 -1.3321250677108765 0.11538924276828766 -0.007283772807568312 0.000441916286945343 -0.0031907374504953623 0.9999682903289795
37.300045013427734 -1.3292548656463623 0.11389148980379105 -0.008721800521016121 0.0005510253831744194 -0.0020583374425768852 0.9999597072601318
37.73295211791992 -1.3208762407302856 0.10799533128738403 -0.010292650200426579 0.00028106855461373925 -0.001510936883278191 0.999945878982544
38.07826232910156 -1.3177540302276611 0.10468905419111252 -0.011219320818781853 -0.00041031063301488757 -0.0004855412116739899 0.9999368786811829
38.47209167480469 -1.3065158128738403 0.10173771530389786 -0.010980106890201569 -0.0007701790891587734 0.0005272168200463057 0.9999392628669739
39.10209655761719 -1.3075741529464722 0.10233958810567856 -0.011174255050718784 -0.0010930633870884776 0.0016783516621217132 0.9999355673789978
39.32004165649414 -1.3024730682373047 0.09997495263814926 -0.011727148666977882 -0.001527620479464531 0.002455911599099636 0.9999271035194397
39.79004669189453 -1.2876758575439453 0.10097389668226242 -0.012579950504004955 -0.00269483239389956 0.0030473074875772 0.9999126195907593
40.228694915771484 -1.2786929607391357 0.10375507920980453 -0.014168010093271732 -0.0034476809669286013 0.003963711205869913 0.9998858571052551
40.68020248413086 -1.266964077949524 0.10594664514064789 -0.015902360901236534 -0.00298684136942029 0.004854226019233465 0.9998573064804077
41.08545684814453 -1.252679467201233 0.10134533047676086 -0.016802869737148285 -0.0027315919287502766 0.005693287122994661 0.9998388886451721
41.760616302490234 -1.2340506315231323 0.10404981672763824 -0.0173965971916914 -0.0022501989733427763 0.0071686250157654285 0.9998204708099365
41.83349609375 -1.235029697418213 0.10355156660079956 -0.019053993746638298 -0.0011257666628807783 0.006818062160164118 0.999794602394104
42.55610656738281 -1.2096529006958008 0.10350377857685089 -0.0203756894916296 -0.0002491735212970525 0.00858894269913435 0.9997555017471313
43.007904052734375 -1.1885619163513184 0.09624063968658447 -0.021166115999221802 -0.0005826045526191592 0.009859380312263966 0.999727189540863
43.430179595947266 -1.1790252923965454 0.09564488381147385 -0.02167559787631035 -0.001990971155464649 0.01031411625444889 0.9997099041938782
43.8290901184082 -1.164982557296753 0.09356335550546646 -0.021159715950489044 -0.002990671433508396 0.011774193495512009 0.9997023344039917
44.57564926147461 -1.1458697319030762 0.0947289764881134 -0.020555833354592323 -0.0043153478763997555 0.012120495550334454 0.999705970287323
44.821598052978516 -1.135109782218933 0.09574159979820251 -0.020204264670610428 -0.004672338720411062 0.012733463197946548 0.9997038841247559
45.357025146484375 -1.1140830516815186 0.10033513605594635 -0.020988620817661285 -0.0043649375438690186 0.013611815869808197 0.9996775388717651
45.896968841552734 -1.0959222316741943 0.10572032630443573 -0.02071228250861168 -0.0027355505153536797 0.0148420175537467 0.9996715784072876
46.337196350097656 -1.0775665044784546 0.10750163346529007 -0.020172690972685814 -0.0013297343393787742 0.015053504146635532 0.9996823072433472
46.78780746459961 -1.060307264328003 0.10159408301115036 -0.019307291135191917 -0.0007819156744517386 0.015719154849648476 0.9996897578239441
47.51714324951172 -1.041592001914978 0.10004828870296478 -0.017814038321375847 -0.0015926760388538241 0.01607283018529415 0.9997108578681946
47.76689910888672 -1.0271464586257935 0.10217630118131638 -0.016597451642155647 -0.0025320351123809814 0.01591392606496811 0.9997324347496033
48.31201171875 -1.00987708568573 0.10439062863588333 -0.016264362260699272 -0.002826869022101164 0.015781303867697716 0.9997392296791077
48.8828010559082 -0.989838719367981 0.10065898299217224 -0.016477327793836594 -0.00321782985702157 0.015424693934619427 0.9997400641441345
49.32450866699219 -0.974312424659729 0.10126443952322006 -0.017400097101926804 -0.003414216684177518 0.015607684850692749 0.9997209310531616
49.754974365234375 -0.9523486495018005 0.10806818306446075 -0.01886802725493908 -0.0028143988456577063 0.01550388615578413 0.9996978044509888
50.52032470703125 -0.9284144639968872 0.11202874034643173 -0.019678613170981407 -0.0019678256940096617 0.015717852860689163 0.9996808767318726
50.71820831298828 -0.9129612445831299 0.10865956544876099 -0.018942683935165405 -0.0010591271566227078 0.015446015633642673 0.9997007250785828
51.407405853271484 -0.8995016813278198 0.1065538302063942 -0.017671138048171997 -0.0009621528442949057 0.015048203989863396 0.9997301697731018
51.901947021484375 -0.8852963447570801 0.10406298190355301 -0.01639089547097683 -0.001041935640387237 0.01547988224774599 0.9997453093528748
52.30210876464844 -0.8641822934150696 0.10650920867919922 -0.016622556373476982 -0.0014697180595248938 0.01492178626358509 0.9997494220733643
52.781646728515625 -0.8460037708282471 0.10700082778930664 -0.018562326207756996 -0.002075833035632968 0.014610727317631245 0.9997188448905945
53.52178192138672 -0.8119905591011047 0.10423128306865692 -0.02098977006971836 -0.002850427059456706 0.014849751256406307 0.999665379524231
53.80004119873047 -0.7980297207832336 0.10123351216316223 -0.0199167188256979 -0.003416648367419839 0.014919226989150047 0.9996845126152039
54.36483383178711 -0.7932438850402832 0.10278194397687912 -0.016689104959368706 -0.004219065885990858 0.014873094856739044 0.9997411966323853
54.97541809082031 -0.7737663388252258 0.11233911663293839 -0.014522336423397064 -0.004358939826488495 0.015105792321264744 0.9997709393501282
55.37910079956055 -0.7616931200027466 0.11438514292240143 -0.01512184552848339 -0.004019439220428467 0.015046736225485802 0.9997643828392029
55.866127014160156 -0.7283278107643127 0.11997421830892563 -0.017961150035262108 -0.0028396493289619684 0.014676927588880062 0.9997269511222839
56.56439971923828 -0.7101089954376221 0.1213504895567894 -0.0194575022906065 -0.0007321917219087481 0.016124388203024864 0.9996803998947144
56.99494934082031 -0.6867267489433289 0.11875487864017487 -0.018356602638959885 0.0007996993372216821 0.01607983373105526 0.9997019171714783
57.248741149902344 -0.6828719973564148 0.1143297404050827 -0.017133111134171486 0.0007819276070222259 0.016388289630413055 0.9997186064720154
57.99015808105469 -0.6573899984359741 0.1106133684515953 -0.01768285222351551 -0.00030345667619258165 0.017062515020370483 0.9996979832649231
58.381404876708984 -0.6268185377120972 0.10510897636413574 -0.019161485135555267 -0.0014674325939267874 0.01746777445077896 0.9996627569198608
58.96165466308594 -0.6045733094215393 0.10613219439983368 -0.020207524299621582 -0.0027174458373337984 0.01838129758834839 0.9996231198310852
59.74028015136719 -0.5653108358383179 0.1064370647072792 -0.02020765282213688 -0.0033173668198287487 0.01972545124590397 0.9995957016944885
59.92387771606445 -0.553420901298523 0.10165102779865265 -0.01966136135160923 -0.00404335604980588 0.019898217171430588 0.9996004700660706
60.54111862182617 -0.5212693214416504 0.10645812749862671 -0.019514640793204308 -0.005719444714486599 0.02084972709417343 0.9995757937431335
61.089012145996094 -0.4942677915096283 0.1194654107093811 -0.019753916189074516 -0.005836206488311291 0.021514127030968666 0.9995563626289368
61.52284240722656 -0.47186562418937683 0.12624600529670715 -0.019888263195753098 -0.003911437001079321 0.02210329659283161 0.9995502233505249
62.081787109375 -0.4465247690677643 0.12034478038549423 -0.019223440438508987 -0.0022164604160934687 0.022879276424646378 0.999550998210907
62.76506423950195 -0.41235780715942383 0.12498334795236588 -0.01729848049581051 -0.0006636042962782085 0.02374780736863613 0.9995681047439575
63.120201110839844 -0.3889622986316681 0.13093212246894836 -0.016862858086824417 0.0008318901527673006 0.024002699181437492 0.999569296836853
63.7953987121582 -0.3529606759548187 0.1276235282421112 -0.019126353785395622 0.0016446947120130062 0.024975400418043137 0.9995037913322449
64.2208480834961 -0.322677344083786 0.118281789124012 -0.021211743354797363 0.001253700815141201 0.02531236782670021 0.9994537830352783
64.77918243408203 -0.28924253582954407 0.11432205140590668 -0.02063736319541931 0.0006054120021872222 0.026245856657624245 0.9994423389434814
65.2159652709961 -0.263791561126709 0.11998354643583298 -0.019883044064044952 0.0009718229994177818 0.026816315948963165 0.9994421601295471
65.9151382446289 -0.22479379177093506 0.11586207896471024 -0.020764917135238647 0.0013294910313561559 0.02689068578183651 0.9994217753410339
66.15531158447266 -0.19845277070999146 0.11440898478031158 -0.022311052307486534 0.0010936666512861848 0.027296781539916992 0.9993777871131897
66.65384674072266 -0.16280597448349 0.11454411596059799 -0.023100288584828377 0.000746051489841193 0.027712371200323105 0.9993487596511841
67.1858901977539 -0.13566136360168457 0.11376868933439255 -0.021858176216483116 0.0003901369927916676 0.028157904744148254 0.9993643760681152
67.60790252685547 -0.11402662843465805 0.11622454971075058 -0.019775856286287308 -0.00026921191602014005 0.028144143521785736 0.9994082450866699
67.97967529296875 -0.09247991442680359 0.1177884116768837 -0.01978873834013939 -0.00048809050349518657 0.028315942734479904 0.9994029998779297
68.57906341552734 -0.05047725513577461 0.12165018171072006 -0.02074042335152626 -0.00019986915867775679 0.028673389926552773 0.9993736147880554
68.79972839355469 -0.0246470607817173 0.12264107167720795 -0.021626532077789307 0.0007708102348260581 0.028674140572547913 0.9993545413017273
69.20308685302734 -0.0034824407193809748 0.12460944801568985 -0.02140129916369915 0.0018228365806862712 0.029158655554056168 0.9993440508842468
69.64493560791016 0.019593244418501854 0.1250987946987152 -0.02076982706785202 0.0032220808789134026 0.02935665287077427 0.9993480443954468
69.95862579345703 0.040819380432367325 0.12307077646255493 -0.020413963124155998 0.004310665186494589 0.029536930844187737 0.9993458986282349
70.26530456542969 0.06047718971967697 0.12161817401647568 -0.02023903653025627 0.00448920764029026 0.029746653512120247 0.9993425011634827
70.74466705322266 0.09155713021755219 0.12344169616699219 -0.019606998190283775 0.004815955646336079 0.03007623739540577 0.9993436932563782
70.89282989501953 0.09755539894104004 0.12496333569288254 -0.018752969801425934 0.00565628195181489 0.030122365802526474 0.9993543028831482
71.25305938720703 0.11995822191238403 0.11829278618097305 -0.018325146287679672 0.006227254401892424 0.030215784907341003 0.9993560314178467
71.54010772705078 0.14261938631534576 0.11137495189905167 -0.01872345618903637 0.006024442613124847 0.030133096501231194 0.9993523359298706
71.77570343017578 0.16224174201488495 0.1040012389421463 -0.01966720074415207 0.0050693717785179615 0.030400099232792854 0.9993314743041992
72.02496337890625 0.18588879704475403 0.10219968110322952 -0.020097719505429268 0.0039977082051336765 0.030765628442168236 0.9993165731430054
72.3819808959961 0.20459331572055817 0.10393214970827103 -0.02027362771332264 0.003560903249308467 0.030831485986709595 0.9993126392364502
72.53811645507812 0.22026671469211578 0.10645106434822083 -0.020905040204524994 0.0038065139669924974 0.03091445565223694 0.9992961883544922
72.80813598632812 0.24221204221248627 0.10270416736602783 -0.02186986804008484 0.003992640879005194 0.031244639307260513 0.9992645382881165
73.05651092529297 0.2601935565471649 0.10130894184112549 -0.022283287718892097 0.0039037344977259636 0.03143071383237839 0.9992498755455017
73.26408386230469 0.2740309238433838 0.09759510308504105 -0.02237168699502945 0.003504193387925625 0.031665168702602386 0.9992420077323914
73.45619201660156 0.2909539043903351 0.09640882909297943 -0.022410226985812187 0.002695688745006919 0.03183743730187416 0.999238133430481
73.72675323486328 0.3096449673175812 0.0947372168302536 -0.02266240119934082 0.002047650283202529 0.03216075152158737 0.9992236495018005
73.8830337524414 0.3264945447444916 0.09150552749633789 -0.02334091067314148 0.0014486361760646105 0.03229088336229324 0.9992048740386963
74.0447769165039 0.33725711703300476 0.0887608677148819 -0.023787332698702812 0.0009096700232475996 0.03248293325304985 0.9991887807846069
74.31599426269531 0.35455405712127686 0.08846049010753632 -0.0235220268368721 0.00032032158924266696 0.03282393142580986 0.999184250831604
74.42683410644531 0.36127111315727234 0.08969986438751221 -0.022332770749926567 -3.661265509435907e-05 0.032929521054029465 0.9992081522941589
74.6246109008789 0.3700844347476959 0.0917501226067543 -0.021104196086525917 -0.00011991809878963977 0.03280111774802208 0.9992390871047974
74.86836242675781 0.3866915702819824 0.0908040776848793 -0.020338289439678192 -0.00021201894560363144 0.03266359120607376 0.9992594122886658
74.96646881103516 0.39414486289024353 0.08804138004779816 -0.020346125587821007 -0.000621897226665169 0.032597221434116364 0.9992613196372986
75.15814208984375 0.40748563408851624 0.08562944084405899 -0.020514236763119698 -0.0014686884824186563 0.032224513590335846 0.9992690682411194
75.36427307128906 0.4199445843696594 0.0865977331995964 -0.02108635939657688 -0.0021535248961299658 0.031845152378082275 0.9992680549621582
75.47185516357422 0.4298957586288452 0.08750501275062561 -0.021108543500304222 -0.002514112740755081 0.031646136194467545 0.9992730617523193
75.65469360351562 0.44224050641059875 0.08694683760404587 -0.02091909945011139 -0.0028599000070244074 0.03139004111289978 0.9992842078208923
75.89461517333984 0.4558396637439728 0.08855972439050674 -0.021135767921805382 -0.0031899171881377697 0.03078710287809372 0.9992973804473877
76.00455474853516 0.46784690022468567 0.08986307680606842 -0.02148168720304966 -0.0032985787838697433 0.030518895015120506 0.9992979168891907
76.19488525390625 0.4844416677951813 0.08926080167293549 -0.02199145406484604 -0.0034079207107424736 0.030223423615098 0.9992954134941101
76.40373229980469 0.4943493604660034 0.08713354170322418 -0.022013042122125626 -0.0035656443797051907 0.029848461970686913 0.9993056654930115
76.51132202148438 0.5045967698097229 0.08441862463951111 -0.02165856771171093 -0.004131446126848459 0.02967117726802826 0.9993165135383606
76.7258529663086 0.5122101902961731 0.08658397942781448 -0.021236982196569443 -0.0046548363752663136 0.029207365587353706 0.9993368983268738
76.95024108886719 0.5271801948547363 0.08948458731174469 -0.020882749930024147 -0.0046782647259533405 0.02886940911412239 0.9993541240692139
77.09587097167969 0.5354267954826355 0.09062214195728302 -0.020301857963204384 -0.004389571025967598 0.028772544115781784 0.9993701577186584
77.33743286132812 0.5457385778427124 0.09164778888225555 -0.019722774624824524 -0.004086123779416084 0.02845808118581772 0.9993920922279358
77.54070281982422 0.5537777543067932 0.09132798761129379 -0.019164733588695526 -0.003919631242752075 0.028155680745840073 0.9994121193885803
77.68019104003906 0.5639057755470276 0.09172672033309937 -0.01849995367228985 -0.0037650407757610083 0.0279312152415514 0.9994315505027771
77.92120361328125 0.5756642818450928 0.09311934560537338 -0.018137194216251373 -0.0031922883354127407 0.027551373466849327 0.9994507431983948
78.19689178466797 0.5875992178916931 0.09300071001052856 -0.017937496304512024 -0.002355568576604128 0.02724393829703331 0.9994651079177856
78.39442443847656 0.6020246744155884 0.09391473978757858 -0.018273957073688507 -0.0014033750630915165 0.026784034445881844 0.9994732141494751
78.66087341308594 0.6181935667991638 0.09161706268787384 -0.01904723234474659 -0.0006924247718416154 0.026491336524486542 0.9994673132896423
78.91417694091797 0.6359817981719971 0.0903126522898674 -0.020112132653594017 -0.0006421325379051268 0.026220545172691345 0.9994536638259888
79.0595932006836 0.6473841071128845 0.08914314210414886 -0.02073824591934681 -0.0003236678894609213 0.02613050676882267 0.9994433522224426
79.3856430053711 0.6678075194358826 0.0886249989271164 -0.021175166592001915 6.116132863098755e-05 0.02564091794192791 0.9994469285011292
79.6863021850586 0.6786932349205017 0.08752286434173584 -0.02121328003704548 0.0001649042242206633 0.02480032481253147 0.9994673132896423
79.83517456054688 0.6856848001480103 0.08692087233066559 -0.020726092159748077 0.00011877813813043758 0.02419479750096798 0.9994924068450928
80.14568328857422 0.7017325758934021 0.08761364221572876 -0.020625920966267586 -0.0002610796655062586 0.02314315363764763 0.9995193481445312
80.50587463378906 0.7175318002700806 0.08551692962646484 -0.02098601683974266 -0.0008076143567450345 0.022096332162618637 0.9995352625846863
80.67427825927734 0.7263333201408386 0.08195952326059341 -0.021155288442969322 -0.0016834663692861795 0.02178129367530346 0.999537467956543
80.99229431152344 0.7399517893791199 0.07735340297222137 -0.0207755658775568 -0.0026571352500468493 0.020740270614624023 0.9995655417442322
81.38645935058594 0.7509596347808838 0.07707548886537552 -0.02057354524731636 -0.003334548557177186 0.019645052030682564 0.999589741230011
81.63368225097656 0.7646891474723816 0.07655160129070282 -0.02110915072262287 -0.003563530510291457 0.01866827718913555 0.9995965361595154
81.89286041259766 0.7785120010375977 0.07707090675830841 -0.02172514796257019 -0.00355189829133451 0.018120169639587402 0.9995934367179871
82.30140686035156 0.7927108407020569 0.07879890501499176 -0.021544281393289566 -0.003045896766707301 0.01701197773218155 0.9996185302734375
82.53549194335938 0.796072781085968 0.0778350830078125 -0.020872998982667923 -0.002578591462224722 0.016642645001411438 0.9996402859687805
82.89859008789062 0.8050833344459534 0.07892988622188568 -0.020342208445072174 -0.002457748632878065 0.01577633246779442 0.9996655583381653
83.3266830444336 0.819057822227478 0.08303885906934738 -0.02055925875902176 -0.0021212706342339516 0.015109448693692684 0.9996722340583801
83.54174041748047 0.8337172269821167 0.08222976326942444 -0.021027687937021255 -0.0015167149249464273 0.014951693825423717 0.9996659755706787
83.92935943603516 0.8436314463615417 0.08209279924631119 -0.02137722074985504 -0.0009602506179362535 0.01465118769556284 0.9996637105941772
84.33869934082031 0.8593029975891113 0.07759669423103333 -0.021742582321166992 -0.0006101535982452333 0.014056350104510784 0.9996646046638489
84.57923889160156 0.8713456392288208 0.0734790489077568 -0.0218599084764719 -0.0006204263190738857 0.013742707669734955 0.9996664524078369
85.02427673339844 0.8793686628341675 0.07107296586036682 -0.021201137453317642 -0.0009634425514377654 0.013336816802620888 0.9996858239173889
85.45291137695312 0.8876411318778992 0.07578693330287933 -0.020062897354364395 -0.0010054473532363772 0.012856186367571354 0.9997155666351318
85.7300796508789 0.889920711517334 0.07657302916049957 -0.018729716539382935 -0.00044124945998191833 0.01230576541274786 0.9997487664222717
86.05115509033203 0.9017404317855835 0.07260717451572418 -0.017847228795289993 1.0464436854817905e-05 0.012155674397945404 0.9997668862342834
86.4851303100586 0.9106056094169617 0.06693021953105927 -0.018145933747291565 -0.0003262774262111634 0.011773469857871532 0.9997659921646118
86.87350463867188 0.929009735584259 0.06424147635698318 -0.019901471212506294 -0.0011666713980957866 0.01135934330523014 0.9997367262840271
87.21330261230469 0.9452226161956787 0.06388150155544281 -0.021222896873950958 -0.0015429998748004436 0.011456445790827274 0.9997079372406006
87.75022888183594 0.9597561955451965 0.06714479625225067 -0.02210819348692894 -0.001122129731811583 0.011648186482489109 0.999687135219574
88.09310150146484 0.9758936762809753 0.06808145344257355 -0.022779596969485283 7.763133908156306e-05 0.011858034878969193 0.9996702075004578
88.38892364501953 0.9784868359565735 0.06269033998250961 -0.022904491052031517 0.0003013928944710642 0.01260034367442131 0.9996582269668579
89.006103515625 0.997992992401123 0.04695785418152809 -0.020847760140895844 -0.0004317054699640721 0.013196836225688457 0.9996954798698425
89.20148468017578 1.0028454065322876 0.051249463111162186 -0.019976753741502762 -0.002282256493344903 0.013845052570104599 0.9997020363807678
89.74702453613281 1.0186933279037476 0.05459338054060936 -0.019525056704878807 -0.003761800704523921 0.013714030385017395 0.9997082948684692
90.16737365722656 1.041774034500122 0.060574863106012344 -0.020164091140031815 -0.004529824014753103 0.01423967257142067 0.9996850490570068
90.45207214355469 1.0603893995285034 0.05483004078269005 -0.02201089821755886 -0.005392200779169798 0.013483933173120022 0.9996522665023804
91.02330017089844 1.0992000102996826 0.051912885159254074 -0.023875784128904343 -0.006084797903895378 0.012510004453361034 0.9996181726455688
91.45746612548828 1.0907033681869507 0.058142829686403275 -0.023492950946092606 -0.005982174538075924 0.013984784483909607 0.9996082782745361
91.69356536865234 1.1176199913024902 0.056682560592889786 -0.020801035687327385 -0.004823614377528429 0.014847783371806145 0.9996617436408997
92.28950500488281 1.1207473278045654 0.06965035200119019 -0.0182823296636343 -0.004338419996201992 0.014544263482093811 0.999717652797699
92.7975082397461 1.1340988874435425 0.07127896696329117 -0.017797628417611122 -0.0034786819014698267 0.014386468566954136 0.9997320771217346
93.19798278808594 1.1512964963912964 0.0692661702632904 -0.01898742839694023 -0.0028272029012441635 0.014335236512124538 0.9997129440307617
93.7349853515625 1.1684993505477905 0.07040237635374069 -0.020312998443841934 -0.0016162436222657561 0.014018953777849674 0.9996940493583679
94.15496063232422 1.1895591020584106 0.06774798035621643 -0.020878655835986137 -0.00032162238494493067 0.01429259218275547 0.9996798038482666
94.542236328125 1.2018780708312988 0.06829030066728592 -0.020041445270180702 0.0009015785763040185 0.014510365203022957 0.9996934533119202
95.1091537475586 1.2161056995391846 0.06463896483182907 -0.018718887120485306 0.0016180576058104634 0.014339057728648186 0.9997206330299377
95.63108825683594 1.2292914390563965 0.06041627377271652 -0.017783740535378456 0.0016990202711895108 0.01446781400591135 0.9997357726097107
96.0623779296875 1.2417820692062378 0.05256929248571396 -0.01798221655189991 0.0008732302812859416 0.013891235925257206 0.9997414350509644
96.60281372070312 1.268450140953064 0.0529666393995285 -0.019448351114988327 0.00040856876876205206 0.013873674906790257 0.9997145533561707
97.04753112792969 1.2906326055526733 0.04830625280737877 -0.021655991673469543 0.0005594780668616295 0.014002074487507343 0.9996672868728638
97.3873062133789 1.3070096969604492 0.0443340428173542 -0.022494949400424957 0.0004957190249115229 0.01404218003153801 0.9996482133865356
98.1120834350586 1.331405758857727 0.040352318435907364 -0.021214578300714493 9.729629528010264e-05 0.014227875508368015 0.9996737241744995
98.58104705810547 1.3321293592453003 0.03994202986359596 -0.01885741390287876 -7.939470378914848e-05 0.014708936214447021 0.9997140169143677
99.09248352050781 1.3442304134368896 0.0354187972843647 -0.017773956060409546 -0.0006748958840034902 0.014192677102982998 0.9997410774230957
99.58470916748047 1.3724225759506226 0.03559381887316704 -0.019084813073277473 -0.0015275353798642755 0.013952556997537613 0.9997193813323975
100.05081939697266 1.3903933763504028 0.03866012394428253 -0.020889395847916603 -0.0010553674073889852 0.014121384359896183 0.9996815323829651
100.58997344970703 1.4148199558258057 0.037660472095012665 -0.020781883969902992 6.502362521132454e-05 0.01405318547040224 0.9996852874755859
101.12959289550781 1.4232300519943237 0.032366152852773666 -0.019673572853207588 0.0006055483827367425 0.014401416294276714 0.9997025728225708
101.61376953125 1.438981294631958 0.02929059788584709 -0.01863774284720421 0.0004089118156116456 0.014679818414151669 0.9997184872627258
102.05723571777344 1.458151936531067 0.03153861314058304 -0.01919269748032093 0.0005329823470674455 0.014400127343833447 0.9997119903564453
102.63446044921875 1.48087739944458 0.031074659898877144 -0.0204103235155344 0.0010583056136965752 0.014423470012843609 0.9996870756149292
103.17288970947266 1.5046539306640625 0.023393159732222557 -0.02100982889533043 0.0015289600705727935 0.014608684927225113 0.9996713995933533
103.67655944824219 1.5231491327285767 0.02034502848982811 -0.02068367786705494 0.0015528930816799402 0.01475899200886488 0.9996759295463562
104.11506652832031 1.5352931022644043 0.019595064222812653 -0.020509028807282448 0.001936236396431923 0.01479827705770731 0.9996782541275024
104.69207763671875 1.5605692863464355 0.014743326231837273 -0.020955469459295273 0.0019256877712905407 0.014455676078796387 0.9996740818023682
105.28018188476562 1.5807714462280273 0.010279763489961624 -0.02125711366534233 0.0016505673993378878 0.014775113202631474 0.9996635317802429
105.70960998535156 1.598272442817688 0.006855384446680546 -0.020913247019052505 0.0009754380444064736 0.014677997678518295 0.999673068523407
106.19183349609375 1.6074342727661133 0.004392168018966913 -0.02072063274681568 0.00042167320498265326 0.014509301632642746 0.9996799230575562
106.71334838867188 1.6278184652328491 0.002776149660348892 -0.01998540759086609 -0.000586258596740663 0.014392279088497162 0.9996964931488037
107.18009948730469 1.6384142637252808 0.005826254840940237 -0.019160233438014984 -0.0010731798829510808 0.014261836186051369 0.999714195728302
107.72097778320312 1.6576299667358398 0.010174079798161983 -0.018879905343055725 -0.00048659637104719877 0.013805467635393143 0.9997263550758362
108.07283020019531 1.6689659357070923 0.007263806648552418 -0.01839207485318184 0.0009004083112813532 0.014143895357847214 0.9997304081916809
108.74014282226562 1.6950582265853882 0.007337218150496483 -0.01876126602292061 0.002734718844294548 0.013357292860746384 0.9997310638427734
109.16056823730469 1.710728406906128 0.004255469422787428 -0.019582116976380348 0.004563042428344488 0.01356697641313076 0.9997058510780334
109.71337890625 1.7315348386764526 0.0004832651757169515 -0.019568320363759995 0.005766734015196562 0.01363700907677412 0.9996988773345947
110.26280975341797 1.7444597482681274 -0.0019342825980857015 -0.019424712285399437 0.0063863396644592285 0.013517252169549465 0.999699592590332
110.69619750976562 1.758028507232666 -0.009450077079236507 -0.02018081583082676 0.006306368391960859 0.013354452326893806 0.9996872544288635
111.18408203125 1.7773867845535278 -0.01853211037814617 -0.021423552185297012 0.005893533583730459 0.013413227163255215 0.9996631741523743
111.64120483398438 1.798570156097412 -0.023663097992539406 -0.02286054752767086 0.005782641936093569 0.013456819579005241 0.999631404876709
112.0605239868164 1.8118411302566528 -0.03115042857825756 -0.02330291084945202 0.00585104851052165 0.013555220328271389 0.9996194839477539
112.44098663330078 1.8294541835784912 -0.0346006341278553 -0.022362302988767624 0.005310383625328541 0.013841609470546246 0.9996400475502014
113.01907348632812 1.8389815092086792 -0.0350293405354023 -0.021894332021474838 0.005118170753121376 0.013560731895267963 0.9996552467346191
113.4626235961914 1.8561159372329712 -0.04059949889779091 -0.022781699895858765 0.005418016109615564 0.013127623125910759 0.999639630317688
113.8735580444336 1.876287579536438 -0.054611992090940475 -0.02358914352953434 0.004941154737025499 0.013281446881592274 0.9996213316917419
114.34963989257812 1.8900182247161865 -0.05766326189041138 -0.022901834920048714 0.00370410131290555 0.013743084855377674 0.9996364116668701
114.80561065673828 1.8963263034820557 -0.057024214416742325 -0.02162187732756138 0.0036624725908041 0.013208185322582722 0.9996722936630249
115.04914855957031 1.9078911542892456 -0.06257428973913193 -0.02085970900952816 0.003239199984818697 0.013566335663199425 0.9996851086616516
115.63311004638672 1.9249958992004395 -0.06411358714103699 -0.02047397382557392 0.0023608331102877855 0.01305179763585329 0.9997023940086365
116.11933135986328 1.9428790807724 -0.06482977420091629 -0.020837359130382538 0.0026846535038203 0.012916858308017254 0.9996958374977112
116.40463256835938 1.953925371170044 -0.06790418922901154 -0.021477889269590378 0.0035048529971390963 0.012898343615233898 0.9996799826622009
116.98540496826172 1.9667402505874634 -0.07524846494197845 -0.02131173014640808 0.0038012091536074877 0.013052530586719513 0.9996804594993591
117.42720794677734 1.9792006015777588 -0.07288875430822372 -0.020441552624106407 0.0038129466120153666 0.01302849967032671 0.9996988773345947
117.8311996459961 1.994497299194336 -0.07081162929534912 -0.019554119557142258 0.005220093298703432 0.012754904106259346 0.9997138381004333
118.2369384765625 2.003462553024292 -0.08283130824565887 -0.018519271165132523 0.006024966016411781 0.01298215240240097 0.9997260570526123
118.65760803222656 2.0088095664978027 -0.09188910573720932 -0.017244437709450722 0.0053682648576796055 0.01327122189104557 0.9997488260269165
118.95960998535156 2.021815299987793 -0.08605162054300308 -0.016719147562980652 0.005438704509288073 0.012933997437357903 0.9997617602348328
119.45862579345703 2.0411288738250732 -0.0859675258398056 -0.017498640343546867 0.007153605576604605 0.01236407458782196 0.9997448325157166
119.7852554321289 2.054989814758301 -0.0987437441945076 -0.01841849833726883 0.00834644678980112 0.012684604153037071 0.9997150897979736
120.24888610839844 2.0693233013153076 -0.10997767746448517 -0.019270827993750572 0.0076878489926457405 0.012767230160534382 0.9997032284736633
120.52725982666016 2.081416606903076 -0.11100924015045166 -0.019589675590395927 0.006945719942450523 0.012628029100596905 0.9997043013572693
121.0184555053711 2.095025062561035 -0.1118135005235672 -0.019630368798971176 0.007285427767783403 0.012633037753403187 0.9997009634971619
121.33326721191406 2.1096959114074707 -0.11882416158914566 -0.020370274782180786 0.007432919926941395 0.01306032482534647 0.9996795654296875
121.77101135253906 2.120544195175171 -0.13311725854873657 -0.021072467789053917 0.006716481875628233 0.013447605073451996 0.9996649622917175
122.1928939819336 2.1342501640319824 -0.13965436816215515 -0.020537830889225006 0.0055054472759366035 0.013784956187009811 0.9996788501739502
122.51611328125 2.1417932510375977 -0.14332175254821777 -0.018605154007673264 0.004590493161231279 0.014590062201023102 0.999709963798523
122.83041381835938 2.147341012954712 -0.14286760985851288 -0.016986487433314323 0.0037710408214479685 0.01470893807709217 0.9997404217720032
123.24819946289062 2.1615703105926514 -0.14503814280033112 -0.017204364761710167 0.0033109814394265413 0.015451604500412941 0.9997271299362183
123.59764099121094 2.1823651790618896 -0.14899484813213348 -0.01856749877333641 0.0029177002143114805 0.016096167266368866 0.999693751335144
123.97047424316406 2.206991672515869 -0.15362955629825592 -0.019839562475681305 0.002583801979199052 0.0170675627887249 0.9996541738510132
124.3773422241211 2.2253034114837646 -0.15697400271892548 -0.02065625786781311 0.002861039713025093 0.01777995564043522 0.9996244311332703
124.68517303466797 2.2434632778167725 -0.162119060754776 -0.021003561094403267 0.0034903851337730885 0.01876252330839634 0.9995972514152527
125.02552032470703 2.254258871078491 -0.16255001723766327 -0.019802769646048546 0.004000237677246332 0.01940430887043476 0.9996076226234436
125.40447998046875 2.2736780643463135 -0.16134022176265717 -0.017823126167058945 0.005041453056037426 0.020125873386859894 0.9996258616447449
125.73168182373047 2.278917074203491 -0.16156412661075592 -0.015241701155900955 0.006295814644545317 0.02079528011381626 0.9996477365493774
126.09278869628906 2.2942981719970703 -0.16360467672348022 -0.01430586539208889 0.007739834487438202 0.0210427138954401 0.9996462464332581
126.35127258300781 2.3054239749908447 -0.172303706407547 -0.015111623331904411 0.008637105114758015 0.02179034985601902 0.9996110200881958
126.72830200195312 2.3396964073181152 -0.18380951881408691 -0.01646214723587036 0.008514316752552986 0.021809838712215424 0.9995903372764587
126.97379302978516 2.350867986679077 -0.18817442655563354 -0.017315056174993515 0.007771502248942852 0.022746823728084564 0.9995611310005188
127.29135131835938 2.368504762649536 -0.19140031933784485 -0.017447752878069878 0.007232999894768 0.023179758340120316 0.9995529055595398
127.5728988647461 2.382423162460327 -0.1908247321844101 -0.017575573176145554 0.007353642489761114 0.023527327924966812 0.9995416402816772
127.78723907470703 2.393752336502075 -0.19086331129074097 -0.017313940450549126 0.00749645009636879 0.024217452853918076 0.9995286464691162
128.00096130371094 2.4081532955169678 -0.19362179934978485 -0.016562798991799355 0.007563665509223938 0.02454403229057789 0.99953293800354
128.20889282226562 2.4172096252441406 -0.19619867205619812 -0.01569228619337082 0.007538956124335527 0.025056807324290276 0.9995344281196594
128.33946228027344 2.416548728942871 -0.2040356695652008 -0.014573021791875362 0.006691873073577881 0.025383926928043365 0.9995492100715637
128.55526733398438 2.435983180999756 -0.20601220428943634 -0.013798416592180729 0.005571679677814245 0.025764545425772667 0.9995573163032532
128.66796875 2.4346566200256348 -0.20495310425758362 -0.013786512427031994 0.004841746296733618 0.026069246232509613 0.999553382396698
128.83349609375 2.4523544311523438 -0.20714202523231506 -0.014203475788235664 0.004689200781285763 0.026207515969872475 0.999544620513916
128.9349822998047 2.4597463607788086 -0.20852714776992798 -0.014708377420902252 0.004728794563561678 0.026608113199472427 0.9995265603065491
129.04843139648438 2.4642820358276367 -0.20950841903686523 -0.014760121703147888 0.004895102232694626 0.02700657770037651 0.9995142817497253
129.1047821044922 2.4717483520507812 -0.20985397696495056 -0.014606696553528309 0.005035945679992437 0.026916271075606346 0.9995182752609253
129.17950439453125 2.4734177589416504 -0.21127775311470032 -0.0146660590544343 0.005049786530435085 0.02735772915184498 0.999505341053009
129.2108154296875 2.4766077995300293 -0.21309810876846313 -0.014779172837734222 0.004934289027005434 0.02725949138402939 0.999506950378418
129.24432373046875 2.4817259311676025 -0.21300366520881653 -0.014841210097074509 0.0046842219308018684 0.027313992381095886 0.9995057582855225
129.25320434570312 2.4769818782806396 -0.21318653225898743 -0.014748170971870422 0.004518420435488224 0.027408260852098465 0.999505341053009
129.2669219970703 2.4805052280426025 -0.21263247728347778 -0.014680127613246441 0.004396340809762478 0.027400335296988487 0.9995070695877075
129.25396728515625 2.480405569076538 -0.2130555361509323 -0.014742530882358551 0.004164529964327812 0.027500266209244728 0.9995044469833374
129.24754333496094 2.480393171310425 -0.21397222578525543 -0.014857558533549309 0.0037177170161157846 0.027541954070329666 0.9995033144950867
129.24783325195312 2.478355884552002 -0.21225512027740479 -0.014942077919840813 0.0033165498171001673 0.02752007730305195 0.9995040893554688
129.24923706054688 2.476010322570801 -0.21168911457061768 -0.014894851483404636 0.0032044381368905306 0.027530383318662643 0.9995048642158508
129.25694274902344 2.478546142578125 -0.21222084760665894 -0.01484623271971941 0.003184359520673752 0.027491018176078796 0.9995067715644836
129.25006103515625 2.4813473224639893 -0.21189658343791962 -0.014820384792983532 0.0031487448140978813 0.027512602508068085 0.9995066523551941
129.24485778808594 2.478724479675293 -0.21168239414691925 -0.014823815785348415 0.003206180175766349 0.02748449705541134 0.9995071887969971
129.23854064941406 2.478820323944092 -0.21232970058918 -0.014841796830296516 0.003160714404657483 0.027498768642544746 0.9995066523551941
129.259033203125 2.4799158573150635 -0.21166874468326569 -0.014833077788352966 0.003155459649860859 0.027483636513352394 0.9995072484016418
129.2527618408203 2.479269504547119 -0.2119128406047821 -0.014824940823018551 0.003164046909660101 0.027512138709425926 0.9995065331459045
129.25790405273438 2.480074882507324 -0.2122066468000412 -0.014872914180159569 0.003158022416755557 0.027506228536367416 0.9995059967041016
129.2567138671875 2.4792919158935547 -0.2121131718158722 -0.014836760237812996 0.0031541846692562103 0.0274874959141016 0.9995070695877075
129.25559997558594 2.4819374084472656 -0.21229062974452972 -0.014822295866906643 0.00315843359567225 0.027540216222405434 0.9995058178901672
129.25457763671875 2.4787685871124268 -0.21252219378948212 -0.01482351403683424 0.003170897951349616 0.027547791600227356 0.9995055198669434
129.2586669921875 2.4782326221466064 -0.21210351586341858 -0.01482720859348774 0.0031307816971093416 0.027544746175408363 0.9995057582855225
129.2548370361328 2.4780969619750977 -0.2120630443096161 -0.01484173908829689 0.0031634089536964893 0.027516407892107964 0.9995061755180359
129.25521850585938 2.4808266162872314 -0.21230874955654144 -0.01484474167227745 0.0031729803886264563 0.02758880704641342 0.9995040893554688
129.2560577392578 2.4809823036193848 -0.21237744390964508 -0.014804157428443432 0.0031405717600136995 0.027502723038196564 0.9995071887969971
129.25306701660156 2.4797329902648926 -0.21248677372932434 -0.01480906829237938 0.0031464346684515476 0.02753986418247223 0.9995060563087463
129.2520751953125 2.478783130645752 -0.21273012459278107 -0.014811999164521694 0.003182681044563651 0.027539877220988274 0.999505877494812
129.2532501220703 2.4805264472961426 -0.21236464381217957 -0.01481928862631321 0.003157678060233593 0.02754346653819084 0.9995058178901672
129.25375366210938 2.480989456176758 -0.21244898438453674 -0.014833788387477398 0.0031459720339626074 0.027500903233885765 0.9995067715644836
129.25753784179688 2.4796738624572754 -0.21219874918460846 -0.01483389176428318 0.0031607707496732473 0.027510864660143852 0.999506413936615
129.2589111328125 2.478604316711426 -0.21265365183353424 -0.014822917990386486 0.0031571160070598125 0.027538111433386803 0.999505877494812
129.25857543945312 2.4794695377349854 -0.2122432291507721 -0.014842524193227291 0.003149635624140501 0.027507010847330093 0.9995064735412598
129.25546264648438 2.4785609245300293 -0.2122984677553177 -0.014837103895843029 0.0031512542627751827 0.027519240975379944 0.9995061755180359
129.25672912597656 2.478093147277832 -0.21245715022087097 -0.01481618918478489 0.0031648585572838783 0.02752026356756687 0.9995064735412598
129.2587127685547 2.477370262145996 -0.21224530041217804 -0.01483501773327589 0.0031671766191720963 0.027496784925460815 0.9995068311691284
129.2588348388672 2.4792158603668213 -0.21250885725021362 -0.014816624112427235 0.003160192398354411 0.027511373162269592 0.9995067119598389
129.25894165039062 2.479722738265991 -0.21279050409793854 -0.014811013825237751 0.003145736176520586 0.027516109868884087 0.9995067119598389
129.259765625 2.4783060550689697 -0.2127286046743393 -0.014831360429525375 0.0031212824396789074 0.02751586027443409 0.9995065331459045
129.25662231445312 2.4779679775238037 -0.21337448060512543 -0.014979870989918709 0.0029986384324729443 0.027510961517691612 0.9995047450065613
129.26222229003906 2.4788966178894043 -0.21552295982837677 -0.015006997622549534 0.0026225722394883633 0.027509039267897606 0.9995055198669434
129.27235412597656 2.47928786277771 -0.2161913812160492 -0.01495905127376318 0.002226591110229492 0.027556339278817177 0.999505877494812
129.27947998046875 2.4804635047912598 -0.21763154864311218 -0.014909394085407257 0.0019248875323683023 0.02760552614927292 0.999505877494812
129.29965209960938 2.481468677520752 -0.2192697674036026 -0.01487841084599495 0.0014354221057146788 0.027627568691968918 0.9995065331459045
129.31727600097656 2.4734811782836914 -0.22152309119701385 -0.014854082837700844 0.0005533155053853989 0.027925895527005196 0.999499499797821
129.33670043945312 2.485502004623413 -0.22276856005191803 -0.014778265729546547 -0.0003851557266898453 0.027568966150283813 0.999510645866394
129.39634704589844 2.4905893802642822 -0.2222348302602768 -0.014868386089801788 -0.0009855852695181966 0.02817770093679428 0.9994918704032898
129.4469757080078 2.494905948638916 -0.22094419598579407 -0.014951272867619991 -0.0012053032405674458 0.028413232415914536 0.9994837641716003
129.5191192626953 2.49759840965271 -0.2213171273469925 -0.015083433128893375 -0.0010222059208899736 0.028967242687940598 0.9994660019874573
129.633056640625 2.5067949295043945 -0.2222195416688919 -0.014909341931343079 -0.0005819026846438646 0.029908958822488785 0.9994412660598755
129.7196044921875 2.509500026702881 -0.22329090535640717 -0.01467948593199253 -6.841704453108832e-05 0.031001703813672066 0.9994115233421326
129.88180541992188 2.5234551429748535 -0.22702555358409882 -0.01451990194618702 0.0003303940175101161 0.03350940719246864 0.9993329048156738
130.04513549804688 2.5419764518737793 -0.2293146401643753 -0.014294056221842766 0.00041906203841790557 0.036574747413396835 0.9992285966873169
130.1701202392578 2.5590271949768066 -0.2291230708360672 -0.014034607447683811 0.0005418210057541728 0.039920758455991745 0.9991041421890259
130.30416870117188 2.5772199630737305 -0.22937645018100739 -0.013936388306319714 0.0009029114153236151 0.04359528049826622 0.9989516735076904
130.5207977294922 2.611558675765991 -0.23192311823368073 -0.013762842863798141 0.001382559654302895 0.04969906061887741 0.9986684322357178
130.67576599121094 2.637986660003662 -0.23382532596588135 -0.013967357575893402 0.0018654848681762815 0.05459780618548393 0.9984090328216553
130.91815185546875 2.684903860092163 -0.23739850521087646 -0.014000985771417618 0.002482681069523096 0.06264904141426086 0.9979343414306641
131.1758575439453 2.7389378547668457 -0.23905901610851288 -0.013974085450172424 0.0030669558327645063 0.07173798978328705 0.9973209500312805
131.35743713378906 2.7858150005340576 -0.24024860560894012 -0.014089449308812618 0.0036605147179216146 0.07861381769180298 0.9967988729476929
131.63485717773438 2.8552207946777344 -0.24546930193901062 -0.013928752392530441 0.004074957221746445 0.08901774138212204 0.9959242939949036
131.84457397460938 2.9038126468658447 -0.24984018504619598 -0.013572895899415016 0.0041700140573084354 0.09711684286594391 0.9951717257499695
132.04116821289062 2.9567465782165527 -0.2539113461971283 -0.0133295226842165 0.00421798974275589 0.1043093204498291 0.9944466948509216
132.36764526367188 3.055225133895874 -0.26061293482780457 -0.013135542161762714 0.004789520055055618 0.11789843440055847 0.9929272532463074
132.5961456298828 3.127223253250122 -0.2638079524040222 -0.012618367560207844 0.005994535982608795 0.12851625680923462 0.9916090369224548
132.91107177734375 3.24849009513855 -0.27289241552352905 -0.011674120090901852 0.007676705718040466 0.14693304896354675 0.9890477657318115
133.16653442382812 3.37737774848938 -0.2787611484527588 -0.011022279039025307 0.009104655124247074 0.1634642630815506 0.9864456653594971
133.4193115234375 3.5113909244537354 -0.2907194495201111 -0.010968108661472797 0.00965967122465372 0.1828944832086563 0.9830239415168762
133.62342834472656 3.633321762084961 -0.29506435990333557 -0.011508479714393616 0.009674951434135437 0.20240014791488647 0.979187548160553
133.9072265625 3.812882900238037 -0.3005845248699188 -0.011873380281031132 0.010383255779743195 0.22436365485191345 0.9743778705596924
134.11875915527344 3.9835591316223145 -0.30631616711616516 -0.01188653614372015 0.011659086681902409 0.24629637598991394 0.9690515398979187
134.34727478027344 4.168580055236816 -0.3206568658351898 -0.012168033979833126 0.012621669098734856 0.2721727788448334 0.9620886445045471
134.5132598876953 4.3507184982299805 -0.33446744084358215 -0.013302518986165524 0.012628518044948578 0.29393187165260315 0.9556503891944885
134.73789978027344 4.580243110656738 -0.3448997437953949 -0.014599762856960297 0.012396978214383125 0.3226395547389984 0.9463281631469727
134.92724609375 4.818114757537842 -0.3540384769439697 -0.015161281451582909 0.013368291780352592 0.3497406542301178 0.936628520488739
135.08506774902344 5.018013954162598 -0.36057141423225403 -0.014627574943006039 0.014888633042573929 0.37207847833633423 0.9279665946960449
135.23236083984375 5.222750186920166 -0.37203529477119446 -0.01420962531119585 0.016459966078400612 0.3929228186607361 0.9193143248558044
135.3747100830078 5.47202730178833 -0.38420984148979187 -0.015180547721683979 0.017602963373064995 0.41778337955474854 0.9082493185997009
135.5091552734375 5.732019424438477 -0.4003910720348358 -0.016132475808262825 0.0179800596088171 0.4425104558467865 0.8964380025863647
135.60079956054688 5.940616130828857 -0.41389453411102295 -0.016185373067855835 0.01763881929218769 0.4616423547267914 0.8867430686950684
135.71658325195312 6.217799186706543 -0.42819511890411377 -0.01624360680580139 0.017625942826271057 0.48522183299064636 0.8740625381469727
135.79421997070312 6.423213481903076 -0.44113689661026 -0.01702520065009594 0.017197299748659134 0.5025999546051025 0.8641803860664368
135.8756866455078 6.674810409545898 -0.45593729615211487 -0.018394332379102707 0.01658918708562851 0.5208711624145508 0.8532758951187134
135.95016479492188 6.9395623207092285 -0.46978560090065 -0.018587538972496986 0.01677924394607544 0.5404308438301086 0.8410157561302185
136.0033721923828 7.172815322875977 -0.48120179772377014 -0.017977893352508545 0.01721968501806259 0.5561797022819519 0.8306891322135925
136.0907745361328 7.489904880523682 -0.49703875184059143 -0.01769576221704483 0.01872360147535801 0.5760217308998108 0.817028284072876
136.14694213867188 7.7631449699401855 -0.5081775784492493 -0.017397258430719376 0.021074438467621803 0.5914851427078247 0.8058526515960693
136.20298767089844 8.082365989685059 -0.5377219915390015 -0.015280825085937977 0.02315675839781761 0.6094393134117126 0.7923470735549927
136.22454833984375 8.345320701599121 -0.5518911480903625 -0.013558409176766872 0.02276264689862728 0.6232597827911377 0.7815659046173096
136.25856018066406 8.698332786560059 -0.5670479536056519 -0.012325993739068508 0.02041563019156456 0.6397560238838196 0.7682079672813416
136.26126098632812 8.962079048156738 -0.5782769322395325 -0.01224480476230383 0.017963768914341927 0.6515170335769653 0.7583224773406982
136.27232360839844 9.333378791809082 -0.5937358140945435 -0.01100835483521223 0.015736673027276993 0.6652266979217529 0.7463943958282471
136.27932739257812 9.530359268188477 -0.6062510013580322 -0.008541358634829521 0.014935176819562912 0.6727095246315002 0.7397066354751587
136.2752227783203 10.017829895019531 -0.6291860938072205 -0.005682415794581175 0.014068368822336197 0.6879571676254272 0.7255926132202148
136.26519775390625 10.279642105102539 -0.6514087319374084 -0.002807569457218051 0.011990789324045181 0.6953721642494202 0.7185443043708801
136.23780822753906 10.727911949157715 -0.6539161801338196 -0.001254408503882587 0.011245260015130043 0.7084553241729736 0.7056649327278137
136.20062255859375 11.034106254577637 -0.6531872749328613 -0.002687693340703845 0.013318090699613094 0.7174649238586426 0.6964621543884277
136.1626434326172 11.479171752929688 -0.6629838943481445 -0.00534274335950613 0.015548288822174072 0.7289819121360779 0.684335470199585
136.1138458251953 11.732632637023926 -0.670681357383728 -0.00812349934130907 0.01768825761973858 0.7357209324836731 0.6770050525665283
136.0076141357422 12.186812400817871 -0.686163604259491 -0.010658892802894115 0.018186334520578384 0.7469374537467957 0.664560079574585
135.9666290283203 12.481488227844238 -0.7050498723983765 -0.01242317445576191 0.017437854781746864 0.7537128925323486 0.656855046749115
135.85719299316406 12.898066520690918 -0.7107775211334229 -0.012197624891996384 0.016503768041729927 0.7619504928588867 0.6473100185394287
135.81378173828125 13.122233390808105 -0.7154780030250549 -0.011730510741472244 0.017425917088985443 0.7668713927268982 0.6414569616317749
135.7021942138672 13.548599243164062 -0.7306340932846069 -0.010433407500386238 0.017953595146536827 0.7741944789886475 0.632607102394104
135.660888671875 13.756913185119629 -0.7509124875068665 -0.00888143666088581 0.017475850880146027 0.7779760360717773 0.6279881000518799
135.54315185546875 14.148494720458984 -0.7652551531791687 -0.007995501160621643 0.015710845589637756 0.7834508419036865 0.6212036609649658
135.4490966796875 14.526764869689941 -0.7829126119613647 -0.007254201453179121 0.01627499610185623 0.78871089220047 0.6145059466362
135.37417602539062 14.769461631774902 -0.7936232089996338 -0.006156217772513628 0.017935700714588165 0.7910918593406677 0.6114033460617065
135.33847045898438 14.978941917419434 -0.8075367212295532 -0.005561816040426493 0.019992610439658165 0.7941997647285461 0.6073023080825806
135.16017150878906 15.480231285095215 -0.8171282410621643 -0.004837361630052328 0.022096075117588043 0.8012109398841858 0.5979543924331665
135.11451721191406 15.650412559509277 -0.8167786598205566 -0.004895323421806097 0.023997213691473007 0.8052937984466553 0.5923699140548706
134.95179748535156 16.050865173339844 -0.8343579173088074 -0.0064041889272630215 0.02515903301537037 0.8126152157783508 0.5822221040725708
134.7861328125 16.40470314025879 -0.8468247652053833 -0.0088852783665061 0.024260399863123894 0.8199848532676697 0.5718017816543579
134.65541076660156 16.69020652770996 -0.8682120442390442 -0.010311342775821686 0.024616127833724022 0.8253346681594849 0.5640128254890442
134.50538635253906 17.027311325073242 -0.8912426829338074 -0.00868849828839302 0.025994161143898964 0.8317382335662842 0.5544910430908203
134.20606994628906 17.601806640625 -0.9146242737770081 -0.0072975922375917435 0.02915458008646965 0.8421760201454163 0.5383645296096802
134.14492797851562 17.721324920654297 -0.9207723736763 -0.0069720144383609295 0.02949131652712822 0.8454554080963135 0.5331855416297913
133.909423828125 18.108421325683594 -0.9460968971252441 -0.006482476368546486 0.024691618978977203 0.8529348969459534 0.5213927626609802
133.5934600830078 18.582332611083984 -0.9745412468910217 -0.005201781168580055 0.018047096207737923 0.86328125 0.5043735504150391
133.38270568847656 18.8588924407959 -0.989081859588623 -0.0029844320379197598 0.013686586171388626 0.8701216578483582 0.49263784289360046
133.14907836914062 19.19318962097168 -1.0022412538528442 0.0006215659086592495 0.012909311801195145 0.8780328631401062 0.47842586040496826
132.76467895507812 19.695093154907227 -1.020121693611145 0.005038698203861713 0.013455258682370186 0.8890722393989563 0.4575413763523102
132.5908966064453 19.90968894958496 -1.020656943321228 0.00888330489397049 0.014042382128536701 0.893715500831604 0.4483264088630676
132.20468139648438 20.291767120361328 -1.0136890411376953 0.009575018659234047 0.011316413059830666 0.9025204181671143 0.4303918778896332
131.80152893066406 20.712818145751953 -1.007416844367981 0.007335391361266375 0.0071013811975717545 0.9120070934295654 0.41004735231399536
131.4591827392578 20.9986572265625 -1.0075724124908447 0.004007481969892979 0.005098228342831135 0.9185420274734497 0.3952701687812805
131.1746826171875 21.25003433227539 -1.0150723457336426 0.0024192105047404766 0.005865625571459532 0.9244393110275269 0.38127651810646057
130.50917053222656 21.804155349731445 -1.0203328132629395 0.00258972798474133 0.008240832947194576 0.9359832406044006 0.35193854570388794
130.4307098388672 21.871381759643555 -1.0199850797653198 0.0031463296618312597 0.011151421815156937 0.9374755620956421 0.3478582799434662
129.910888671875 22.24110984802246 -1.0189087390899658 0.0037528774701058865 0.013245010748505592 0.9446975588798523 0.3276538848876953
129.3209686279297 22.63755989074707 -1.0197474956512451 0.0038255546241998672 0.013740978203713894 0.952409029006958 0.3044891953468323
128.98883056640625 22.83401107788086 -1.0201938152313232 0.0034518372267484665 0.013876650482416153 0.9558197855949402 0.29360541701316833
128.71653747558594 22.997173309326172 -1.0236320495605469 0.0029860413633286953 0.014887772500514984 0.9587568044662476 0.28382202982902527
127.94437408447266 23.423511505126953 -1.0288828611373901 0.0028057775925844908 0.017200805246829987 0.9654110670089722 0.2601495683193207
127.730224609375 23.535362243652344 -1.0315524339675903 0.00264919875189662 0.01997656375169754 0.9672913551330566 0.2528665065765381
127.13310241699219 23.81836700439453 -1.0314768552780151 0.0027065693866461515 0.021912172436714172 0.971535325050354 0.2358635514974594
126.4884033203125 24.09616470336914 -1.0318589210510254 0.002423115773126483 0.02195826731622219 0.9759167432785034 0.21702201664447784
126.15746307373047 24.225975036621094 -1.0328285694122314 0.001414408441632986 0.021388381719589233 0.9776564836502075 0.20911316573619843
125.74449920654297 24.385400772094727 -1.0374202728271484 0.00037974718725308776 0.02206232026219368 0.9797713160514832 0.19890017807483673
124.8962631225586 24.692874908447266 -1.0492784976959229 0.00035118579398840666 0.023762384429574013 0.9835050702095032 0.17931266129016876
124.67900085449219 24.766576766967773 -1.0543594360351562 0.000802207796368748 0.025451354682445526 0.9844182729721069 0.17398931086063385
123.9961929321289 24.9727725982666 -1.0582082271575928 0.001832294394262135 0.026072848588228226 0.9868876338005066 0.15927854180335999
123.32012176513672 25.157541275024414 -1.0605889558792114 0.0027433300856500864 0.025655917823314667 0.9892317056655884 0.14406566321849823
122.89315032958984 25.250530242919922 -1.0636616945266724 0.0034305008593946695 0.024956440553069115 0.9904993176460266 0.1351906955242157
122.55148315429688 25.317493438720703 -1.0631699562072754 0.003780636703595519 0.024371236562728882 0.991452157497406 0.12811854481697083
121.55760192871094 25.525432586669922 -1.0616432428359985 0.0037707644514739513 0.024161197245121002 0.993787407875061 0.10857550799846649
121.35779571533203 25.557979583740234 -1.0620840787887573 0.0031375072430819273 0.02422485314309597 0.9941543340682983 0.10516893118619919
120.62744903564453 25.681215286254883 -1.0618371963500977 0.002613646909594536 0.02457721345126629 0.9953471422195435 0.09313002228736877
120.17776489257812 25.747434616088867 -1.0646940469741821 0.0023682035971432924 0.025180304422974586 0.9960108995437622 0.08557280898094177
119.44140625 25.844810485839844 -1.067828893661499 0.0028460777830332518 0.025237388908863068 0.9968511462211609 0.07511848956346512
119.00575256347656 25.892290115356445 -1.0693258047103882 0.0035612224601209164 0.02502558007836342 0.9973310232162476 0.06849712133407593
118.2470932006836 25.970916748046875 -1.0689759254455566 0.004288879688829184 0.024840163066983223 0.9979795217514038 0.05832233652472496
117.78224182128906 26.009666442871094 -1.0643173456192017 0.004672345705330372 0.025040164589881897 0.9983170032501221 0.05209872126579285
117.0089340209961 26.060388565063477 -1.056144118309021 0.004307366441935301 0.02553127519786358 0.9987780451774597 0.04209559038281441
116.62366485595703 26.081207275390625 -1.0569450855255127 0.003614717861637473 0.025519533082842827 0.9989781379699707 0.037125974893569946
115.79104614257812 26.106773376464844 -1.0514965057373047 0.003480006707832217 0.02470054291188717 0.9993142485618591 0.027365295216441154
115.35221099853516 26.111997604370117 -1.0494669675827026 0.0032296369317919016 0.023357637226581573 0.9994592070579529 0.02291850745677948
114.5484848022461 26.12903594970703 -1.0489344596862793 0.0032066949643194675 0.022400718182325363 0.9996231198310852 0.015543204732239246
114.13166809082031 26.13272476196289 -1.0494154691696167 0.003153266152366996 0.022670632228255272 0.9996617436408997 0.012348081916570663
113.29409790039062 26.142581939697266 -1.0451478958129883 0.0031403738539665937 0.023213092237710953 0.9997007846832275 0.007048367988318205
112.91816711425781 26.13532829284668 -1.0468807220458984 0.003351688152179122 0.02365283854305744 0.9997041821479797 0.004569383338093758
112.0404052734375 26.12512969970703 -1.043265700340271 0.003909668419510126 0.023490818217396736 0.9997164607048035 -1.280887136090314e-05
111.61444854736328 26.11894416809082 -1.0405209064483643 0.00432607252150774 0.02334682270884514 0.9997155666351318 -0.0022585256956517696
110.56158447265625 26.103172302246094 -1.0310039520263672 0.004529441241174936 0.02371397614479065 0.9996885657310486 -0.006320399697870016
110.31558227539062 26.091760635375977 -1.0300203561782837 0.004172045737504959 0.02405668795108795 0.9996748566627502 -0.00735114561393857
109.52660369873047 26.075393676757812 -1.0264564752578735 0.004068356938660145 0.024302640929818153 0.9996463060379028 -0.010006277821958065
108.68946838378906 26.0482234954834 -1.0204530954360962 0.004146352875977755 0.024639181792736053 0.9996041059494019 -0.01293504610657692
108.22021484375 26.030183792114258 -1.0189101696014404 0.004343042150139809 0.024933703243732452 0.9995723962783813 -0.014647206291556358
107.82706451416016 26.008773803710938 -1.0177618265151978 0.0048552006483078 0.02481173910200596 0.9995547533035278 -0.015846939757466316
