0.17389948666095734 -0.004814219195395708 0.0012450625654309988 0.00087196403183043 -0.0001618335663806647 -0.0004248582408763468 0.9999995231628418
0.4789654314517975 -0.012405797839164734 0.0009000690770335495 0.0019027360249310732 8.428691944573075e-05 -0.001563497819006443 0.9999969601631165
0.791570782661438 -0.022770853713154793 0.0011200776789337397 0.003213606309145689 0.0003503891348373145 -0.002618388505652547 0.9999913573265076
1.0253174304962158 -0.01674342155456543 0.0008569318451918662 0.003774415934458375 0.0007584142731502652 -0.003089075442403555 0.9999878406524658
1.274608850479126 -0.02126086875796318 -0.0019034341676160693 0.002990035805851221 0.0008131760987453163 -0.0033045581076294184 0.9999897480010986
1.6266194581985474 -0.0183358546346426 -0.006082352250814438 0.0018716738559305668 0.000808109063655138 -0.0033333494793623686 0.9999923706054688
1.8047460317611694 -0.009039613418281078 -0.006548628211021423 0.0011069002794101834 0.00039566541090607643 -0.0030381898395717144 0.999994695186615
2.1097183227539062 -0.0074097043834626675 -0.0027878927066922188 0.0011774618178606033 0.00017915430362336338 -0.0027372105978429317 0.9999955296516418
2.402482748031616 -0.011339734308421612 -4.3152107537025586e-05 0.0019106025574728847 0.0005347768892534077 -0.0020552068017423153 0.9999959468841553
2.620849370956421 -0.01177961565554142 -0.00023500900715589523 0.0030342370737344027 0.001200946280732751 -0.0015083147445693612 0.9999935626983643
2.880242109298706 -0.006330055650323629 3.944743366446346e-05 0.003080408088862896 0.0016380026936531067 -0.0012049938086420298 0.9999932050704956
3.244884967803955 -0.0015441448194906116 -0.011976173147559166 0.0034629034344106913 0.0018172415439039469 -0.00021847726020496339 0.9999923706054688
3.403266668319702 0.003665707539767027 -0.013368542306125164 0.0028280201368033886 0.00012676820915658027 0.0001138234802056104 0.9999960064888
3.7321035861968994 0.000919536454603076 -0.010593811050057411 0.004528578370809555 -5.645749843097292e-05 0.0010931422002613544 0.9999891519546509
3.9842400550842285 0.0012261036317795515 -0.007624076679348946 0.005741623695939779 -0.0001373715786030516 0.0015787184238433838 0.9999822974205017
4.265048980712891 -0.0014717577723786235 -0.004211724735796452 0.005863545928150415 0.00021880678832530975 0.0015861040446907282 0.9999815225601196
4.469968795776367 0.017330756410956383 -0.0003117559535894543 0.0031267504673451185 0.001333167077973485 0.0013788860524073243 0.9999932646751404
4.870322227478027 0.0227986928075552 -0.005805546417832375 0.0013440214097499847 0.0030427356250584126 0.0021251924335956573 0.9999922513961792
5.052369117736816 0.025218956172466278 -0.014830452390015125 0.0004100509686395526 0.004373263567686081 0.001931126695126295 0.9999884963035583
5.310410022735596 0.020794270560145378 -0.028302207589149475 0.0021623214706778526 0.004350102506577969 0.0018065567128360271 0.9999865889549255
5.65339994430542 0.024411095306277275 -0.033309053629636765 0.004260632675141096 0.0023440998047590256 0.001774866716004908 0.9999865889549255
5.834332466125488 0.02368813380599022 -0.01904309168457985 0.00467624980956316 0.0013303884770721197 0.001120961387641728 0.9999875426292419
6.09436559677124 0.03315151855349541 -0.015356188639998436 0.0032700689043849707 0.0019669432658702135 0.0009924909099936485 0.9999922513961792
6.502439975738525 0.024816058576107025 -0.019416114315390587 0.0035345666110515594 0.002890170319005847 0.0013799197040498257 0.9999886155128479
6.661396026611328 0.03682934492826462 -0.02057502605021 0.005654503125697374 0.003161378437653184 0.0005832729511894286 0.9999788403511047
6.980749130249023 0.020563162863254547 -0.02425515651702881 0.006937449797987938 0.0028119636699557304 -0.0005460812244564295 0.999971866607666
7.275112628936768 0.029388118535280228 -0.030658574774861336 0.006119152531027794 0.0015329038724303246 -0.001244062907062471 0.9999793767929077
7.533624649047852 0.04336198791861534 -0.03734705597162247 0.004373480100184679 -0.0005444605485536158 -0.0012908794451504946 0.9999894499778748
7.7647271156311035 0.0387442521750927 -0.034698471426963806 0.0029766634106636047 -0.0020494007039815187 -0.001491328002884984 0.9999923706054688
8.148253440856934 0.04315391927957535 -0.028567548841238022 0.0021391219925135374 -0.0013791655655950308 -0.0017087722662836313 0.9999953508377075
8.332469940185547 0.04592469707131386 -0.02730056643486023 0.0023945090360939503 0.00011148981866426766 -0.0015245970571413636 0.9999960064888
8.629088401794434 0.03920301795005798 -0.030991967767477036 0.0035076152998954058 0.00014683236076962203 -0.001750100520439446 0.9999923706054688
8.904170989990234 0.03845158591866493 -0.032650817185640335 0.005507926922291517 -0.0006194299785420299 -0.001620185561478138 0.9999833703041077
9.185653686523438 0.04210803285241127 -0.03279981017112732 0.007667874917387962 -0.0014775164891034365 -0.001198386773467064 0.9999688267707825
9.395848274230957 0.03627095744013786 -0.03153350204229355 0.008235462941229343 -0.002096874639391899 -0.0005549712223000824 0.9999637007713318
9.762587547302246 0.038706522434949875 -0.028828948736190796 0.007285697851330042 -0.0023865981493145227 -8.432610775344074e-05 0.9999706745147705
9.927764892578125 0.04480583965778351 -0.03242921829223633 0.005927401594817638 -0.0023198132403194904 0.00029366707894951105 0.9999797344207764
10.239133834838867 0.05423440411686897 -0.032273970544338226 0.0040488638915121555 -0.0025494301225990057 0.001517914584837854 0.9999874830245972
10.501904487609863 0.06382784992456436 -0.029245438054203987 0.0031679554376751184 -0.0030195373110473156 0.001773795229382813 0.9999889135360718
10.78026294708252 0.06843297183513641 -0.03167382627725601 0.00216667540371418 -0.002987715881317854 0.0023713097907602787 0.9999903440475464
10.984784126281738 0.07819829881191254 -0.03547314181923866 0.0016079258639365435 -0.0034711940679699183 0.0026278591249138117 0.9999892711639404
11.357221603393555 0.08456218987703323 -0.032163575291633606 0.0013035850133746862 -0.004089040216058493 0.003924794029444456 0.9999831318855286
11.505504608154297 0.0828133299946785 -0.02765578031539917 0.0015326899010688066 -0.004593014717102051 0.004467636812478304 0.9999783635139465
11.817026138305664 0.08730092644691467 -0.01706015132367611 0.0026332188863307238 -0.004507043398916721 0.004903115797787905 0.9999744296073914
12.057019233703613 0.08792423456907272 -0.015934666618704796 0.003851717570796609 -0.004030611366033554 0.005596910137683153 0.9999688267707825
12.315528869628906 0.09476222097873688 -0.02015392668545246 0.004082240164279938 -0.003936403896659613 0.006170719861984253 0.9999648928642273
12.521003723144531 0.10353956371545792 -0.01951940916478634 0.004173696041107178 -0.004456421360373497 0.0070272949524223804 0.9999567270278931
12.850053787231445 0.11971649527549744 -0.015024689957499504 0.003936536610126495 -0.004806376062333584 0.008498642593622208 0.9999446272850037
12.970415115356445 0.11898764222860336 -0.01653415337204933 0.004285814706236124 -0.005410813260823488 0.009290963411331177 0.9999330639839172
13.247390747070312 0.13799630105495453 -0.01319886650890112 0.004000469576567411 -0.00630031805485487 0.011310135014355183 0.9999082684516907
13.467276573181152 0.14719143509864807 -0.005711906123906374 0.004071255214512348 -0.006437120959162712 0.013075890950858593 0.9998855590820312
13.658324241638184 0.15265533328056335 -0.0023705472704023123 0.003850511508062482 -0.005849821493029594 0.014658440835773945 0.9998680949211121
13.799880981445312 0.1595439314842224 -0.0022143786773085594 0.0040542129427194595 -0.005264382343739271 0.015577860176563263 0.9998566508293152
14.08849811553955 0.17504870891571045 0.0018596609588712454 0.003634815337136388 -0.004634132608771324 0.01767793297767639 0.9998263716697693
14.204896926879883 0.19119778275489807 0.0019120201468467712 0.0025745569728314877 -0.0033375336788594723 0.018402133136987686 0.9998218417167664
14.453024864196777 0.21030926704406738 0.0014317281311377883 0.0014804371166974306 -0.00271293125115335 0.019574187695980072 0.9998036026954651
14.673194885253906 0.22133760154247284 0.0033504762686789036 0.0013418784365057945 -0.0023590493947267532 0.020203134045004845 0.9997922778129578
14.849954605102539 0.22139376401901245 0.005812433548271656 0.0015155127039179206 -0.0021122172474861145 0.021092720329761505 0.9997740983963013
15.03012752532959 0.2309178113937378 0.007563967257738113 0.002061667386442423 -0.0015091177774593234 0.021041452884674072 0.9997754096984863
15.311051368713379 0.24270273745059967 0.006649131886661053 0.002329266397282481 -0.0006894010002724826 0.021639838814735413 0.9997629523277283
15.419034957885742 0.25165483355522156 0.00988260842859745 0.0018978614825755358 -0.0001739257713779807 0.022115739062428474 0.9997536540031433
15.645732879638672 0.27155014872550964 0.015726540237665176 0.0014529151376336813 0.0006850973004475236 0.022756975144147873 0.9997397661209106
15.813309669494629 0.2808544635772705 0.015105115249752998 0.0011916663497686386 0.0011177738197147846 0.023056037724018097 0.9997329115867615
15.99471664428711 0.2907123565673828 0.014193489216268063 0.0011690264800563455 0.001243638340383768 0.02353619784116745 0.9997215867042542
16.130735397338867 0.2978668808937073 0.010361714288592339 0.0013002422638237476 0.001056806300766766 0.023724865168333054 0.9997171759605408
16.38660430908203 0.31096914410591125 0.009036840870976448 0.0014194512041285634 0.0006551534752361476 0.023808706551790237 0.9997153282165527
16.465858459472656 0.32143718004226685 0.010326541028916836 0.0014847053680568933 0.00014698038285132498 0.02363959327340126 0.999719500541687
16.684324264526367 0.3265359699726105 0.008207229897379875 0.0015428446931764483 9.745402348926291e-05 0.023301903158426285 0.9997273087501526
16.853734970092773 0.33661243319511414 0.00640525296330452 0.0014516633236780763 -0.00013141021190676838 0.022850850597023964 0.9997378587722778
17.022899627685547 0.34595802426338196 0.003469733987003565 0.0013761331792920828 -0.00013117770140524954 0.022813525050878525 0.9997388124465942
17.163068771362305 0.35257160663604736 0.00543593242764473 0.0012867224868386984 9.227920963894576e-05 0.022680887952446938 0.9997419118881226
17.427352905273438 0.36626479029655457 0.0017241152236238122 0.0013100459473207593 0.0005192217067815363 0.02239316701889038 0.9997482895851135
17.501399993896484 0.3684908151626587 -0.000772923871409148 0.0012244739336892962 0.0005432231118902564 0.02254614420235157 0.9997449517250061
17.749845504760742 0.38398662209510803 -0.00167861208319664 0.0014919911045581102 0.0005605908227153122 0.022563541308045387 0.999744176864624
17.913475036621094 0.3895111680030823 -0.00024294876493513584 0.001761058927513659 0.0006168913096189499 0.02304229512810707 0.9997327923774719
18.098384857177734 0.4031282067298889 0.0019174576736986637 0.001969924895092845 0.0007962224772199988 0.023179732263088226 0.9997290968894958
18.249635696411133 0.4079405665397644 0.005178163293749094 0.002196325920522213 0.0013437482994049788 0.02351303957402706 0.9997202157974243
18.521310806274414 0.42503786087036133 0.00709265423938632 0.00247786077670753 0.0019086555112153292 0.023908989503979683 0.9997092485427856
18.619722366333008 0.4300355613231659 0.00790790468454361 0.002933543873950839 0.0023116176016628742 0.024137040600180626 0.999701738357544
18.847698211669922 0.4450888931751251 0.006422331091016531 0.0031020420137792826 0.0022837629076093435 0.024560173973441124 0.9996909499168396
19.025373458862305 0.45499318838119507 0.004216941073536873 0.0028866904322057962 0.0022256390657275915 0.02496863529086113 0.9996815919876099
19.221088409423828 0.466679185628891 0.002540888963267207 0.002671327907592058 0.0020168812479823828 0.025352006778120995 0.9996730089187622
19.346433639526367 0.47754818201065063 -0.0007313676760531962 0.0028467660304158926 0.0017476269276812673 0.025670528411865234 0.9996649026870728
19.62299919128418 0.4928469657897949 -0.003023172728717327 0.0027564065530896187 0.0012157360324636102 0.026125336065888405 0.9996541738510132
19.73442840576172 0.5050597786903381 -0.003815698903053999 0.0020952029153704643 0.0005137732368893921 0.026286957785487175 0.9996521472930908
19.960426330566406 0.5221065878868103 -0.005155603867024183 0.0011588390916585922 -0.00034058623714372516 0.026393242180347443 0.9996508955955505
20.162837982177734 0.5379483699798584 -0.0055426000617444515 0.0001006551319733262 -0.0010506827384233475 0.026075465604662895 0.9996594190597534
20.31322479248047 0.5503497123718262 -0.0031163166277110577 -0.0003830297791864723 -0.00169105245731771 0.025368457660079002 0.9996767044067383
20.43149185180664 0.5588057637214661 -0.0009298049844801426 -0.0005011907196603715 -0.0017722686752676964 0.024606134742498398 0.9996955394744873
20.762733459472656 0.5591844916343689 0.0016788546927273273 -0.00017134433437604457 -0.0017663707258179784 0.021578645333647728 0.9997656345367432
20.851943969726562 0.5678395628929138 0.001447145245037973 -0.0001341807219432667 -0.0016245754668489099 0.020174512639641762 0.999795138835907
21.097278594970703 0.5687962174415588 -0.0015549097442999482 -0.00043298740638419986 -0.0017348350957036018 0.016519105061888695 0.999862015247345
21.303272247314453 0.567375898361206 -0.005234833806753159 -0.000497190048918128 -0.0020336585585027933 0.013092240318655968 0.9999121427536011
21.519546508789062 0.5696786642074585 -0.0037010200321674347 -0.0002776165201794356 -0.0021482883021235466 0.009750546887516975 0.9999501705169678
21.653217315673828 0.5684962272644043 -0.0036176100838929415 -0.00016608939040452242 -0.0020893162582069635 0.007931217551231384 0.9999663829803467
21.925430297851562 0.5632056593894958 -0.0033958081621676683 -4.2208230297546834e-05 -0.0017909271409735084 0.004282663576304913 0.9999892115592957
22.043338775634766 0.5670943856239319 -0.00448831170797348 0.0001480157079640776 -0.0015591083792969584 0.0030144115444272757 0.9999942779541016
22.27552604675293 0.5625703930854797 -0.006143420469015837 0.0006771646440029144 -0.0014991009375080466 0.0002853992336895317 0.9999986290931702
22.48694610595703 0.5540353059768677 -0.0023146916646510363 0.0018188467947766185 -0.0012134452117606997 -0.0020922687835991383 0.9999954104423523
22.649417877197266 0.5475700497627258 -0.0006163265788927674 0.0033836299553513527 -0.00035212482907809317 -0.003479989245533943 0.9999881982803345
22.83359718322754 0.54097580909729 -0.0020549134351313114 0.004107790533453226 0.0006047251517884433 -0.0050680674612522125 0.9999785423278809
23.091718673706055 0.5371665358543396 -0.004394829738885164 0.003447197610512376 0.0011505922302603722 -0.006697315722703934 0.9999709725379944
23.188722610473633 0.5407215356826782 -0.003940559457987547 0.0019835056737065315 0.000967441126704216 -0.006948137190192938 0.999973475933075
23.404891967773438 0.5414533019065857 -0.005928607191890478 0.0009075483540073037 0.0008107222965918481 -0.00781004223972559 0.9999687671661377
23.608814239501953 0.5408798456192017 -0.003669995116069913 0.0004125236882828176 0.0006234821048565209 -0.008483704179525375 0.9999637603759766
23.824024200439453 0.5381349921226501 0.0006369705661199987 0.0003930517996195704 0.0009714837069623172 -0.009270540438592434 0.9999565482139587
23.968299865722656 0.5345457196235657 -0.0006460256990976632 -5.2677431085612625e-05 0.0013859319733455777 -0.009880437515676022 0.9999502897262573
24.25407600402832 0.5349246263504028 -0.0058613307774066925 -0.000978063908405602 0.0012372650671750307 -0.01018446683883667 0.9999469518661499
24.360450744628906 0.5352985858917236 -0.010299891233444214 -0.0009555677534081042 0.0006120808538980782 -0.010312980972230434 0.9999462366104126
24.544681549072266 0.5300142168998718 -0.010790959931910038 -0.00014659481530543417 -0.00010038395703304559 -0.010661528445780277 0.999943196773529
24.777637481689453 0.5203865766525269 -0.006845925468951464 0.0015278327045962214 -0.00016130249423440546 -0.010912874713540077 0.9999393224716187
25.015640258789062 0.5179201364517212 -0.006525491829961538 0.002675094408914447 0.00017490425670985132 -0.010928146541118622 0.9999367594718933
25.147899627685547 0.5069238543510437 -0.012616819702088833 0.0034789154306054115 -4.054159489896847e-06 -0.011178308166563511 0.9999315142631531
25.41807746887207 0.5075890421867371 -0.01505691185593605 0.004113491624593735 -0.0008265346987172961 -0.011066311039030552 0.9999300241470337
25.565696716308594 0.4993062913417816 -0.014309361577033997 0.004658122081309557 -0.0015535259153693914 -0.01122617069631815 0.9999249577522278
25.79787826538086 0.49362173676490784 -0.010198397561907768 0.0047567011788487434 -0.001760949264280498 -0.011732653714716434 0.9999183416366577
25.99591636657715 0.49528345465660095 -0.005904777441173792 0.004285706672817469 -0.0016870792023837566 -0.01175148505717516 0.9999203681945801
26.191713333129883 0.4921400249004364 -0.0077080437913537025 0.0037148878909647465 -0.0013886687811464071 -0.011831848882138729 0.9999222159385681
26.339195251464844 0.4952557384967804 -0.006727290339767933 0.0035353468265384436 -0.001194845768623054 -0.011950578540563583 0.9999216794967651
26.61745834350586 0.4828842282295227 -0.008031025528907776 0.003884935984387994 -0.0008959735278040171 -0.011929203756153584 0.9999209642410278
26.740896224975586 0.4859783351421356 -0.008361972868442535 0.00426544388756156 -0.0006369980983436108 -0.012191807851195335 0.9999164342880249
26.963653564453125 0.47807803750038147 -0.00872835237532854 0.004508477170020342 -0.00012598154717124999 -0.01200033724308014 0.9999178647994995
27.138275146484375 0.4730605483055115 -0.009200893342494965 0.004799166228622198 6.150686385808513e-05 -0.012115802615880966 0.9999151229858398
27.303640365600586 0.47199922800064087 -0.009293206967413425 0.005177145358175039 0.00029031914891675115 -0.012224974110722542 0.9999118447303772
27.37136459350586 0.4691029489040375 -0.010391674004495144 0.005868304520845413 0.0003796374658122659 -0.012186331674456596 0.9999085068702698
27.64408302307129 0.4598974287509918 -0.009910346008837223 0.006454228423535824 0.0001685145980445668 -0.012028118595480919 0.9999068379402161
27.698665618896484 0.4612342417240143 -0.00983407348394394 0.006889702286571264 0.0003001513541676104 -0.012143547646701336 0.9999024868011475
27.866910934448242 0.4540773332118988 -0.009433208964765072 0.007308878470212221 0.00037484141648747027 -0.012102585285902023 0.9999000430107117
27.998062133789062 0.45576536655426025 -0.01051376573741436 0.007649336941540241 0.0006477824063040316 -0.01203241292387247 0.9998981952667236
28.15596580505371 0.4503844082355499 -0.011022692546248436 0.007785417139530182 0.0008162753074429929 -0.011748644523322582 0.9999003410339355
28.23737144470215 0.44823694229125977 -0.012130088172852993 0.008022177033126354 0.000779947149567306 -0.01177883055061102 0.9998981952667236
28.424901962280273 0.4471438229084015 -0.01039527915418148 0.007974055595695972 0.0005066345911473036 -0.011672046035528183 0.9998999834060669
28.474445343017578 0.4472053050994873 -0.009434272535145283 0.007947567850351334 0.00039084043237380683 -0.011649147607386112 0.9999005198478699
28.62137794494629 0.4444204270839691 -0.009334341622889042 0.007700181100517511 0.0004048662376590073 -0.011536811478435993 0.9999037384986877
28.738494873046875 0.4417518079280853 -0.008363581262528896 0.0077201551757752895 0.0004147544386796653 -0.011509589850902557 0.9999039173126221
28.83974266052246 0.4401310682296753 -0.00804026797413826 0.008085145615041256 0.0005715982406400144 -0.011479693464934826 0.999901294708252
28.937149047851562 0.435813307762146 -0.00889734085649252 0.0084630586206913 0.0009248866117559373 -0.011527789756655693 0.999897301197052
29.094343185424805 0.4322308599948883 -0.01025199145078659 0.008971543051302433 0.0009549332316964865 -0.011422249488532543 0.9998940825462341
29.152843475341797 0.43120482563972473 -0.011296303011476994 0.008993885479867458 0.0008297690656036139 -0.011457371525466442 0.9998936057090759
29.291034698486328 0.4265875816345215 -0.010106701403856277 0.008952856995165348 0.0008268497185781598 -0.011297713965177536 0.9998958110809326
29.411832809448242 0.4274868071079254 -0.01284478697925806 0.008896254934370518 0.000934442738071084 -0.011111111380159855 0.9998983144760132
29.51700210571289 0.42572852969169617 -0.01401598658412695 0.009271995164453983 0.0007371086976490915 -0.011084085330367088 0.9998953342437744
29.602754592895508 0.42200130224227905 -0.011947930790483952 0.009545998647809029 0.0008073773351497948 -0.011072710156440735 0.9998928308486938
29.76166534423828 0.4210393726825714 -0.011505202390253544 0.009400744922459126 0.0011310732224956155 -0.011016303673386574 0.9998945593833923
29.814802169799805 0.4216928780078888 -0.012370551005005836 0.00912212673574686 0.0010671161580830812 -0.010968593880534172 0.9998977184295654
29.930564880371094 0.421946257352829 -0.013219011947512627 0.009021011181175709 0.0009342970442958176 -0.01089398842304945 0.9998995661735535
30.04186248779297 0.42117494344711304 -0.013282030820846558 0.008890297263860703 0.00084196642274037 -0.010755907744169235 0.9999023675918579
30.13077163696289 0.41844338178634644 -0.01298515871167183 0.009045031853020191 0.0009499904699623585 -0.010729853063821793 0.9999011158943176
30.229625701904297 0.41823723912239075 -0.0141913378611207 0.00954155158251524 0.0011221711756661534 -0.01062726229429245 0.9998974204063416
30.358657836914062 0.4145956337451935 -0.01445006113499403 0.00997986737638712 0.0010000448673963547 -0.010586381889879704 0.9998937249183655
30.42144775390625 0.4148094356060028 -0.013417532667517662 0.009905175305902958 0.0008788239792920649 -0.010477283969521523 0.9998957514762878
30.52018165588379 0.41536572575569153 -0.012685930356383324 0.00968098547309637 0.0008813402382656932 -0.010126866400241852 0.999901533126831
30.607933044433594 0.41628777980804443 -0.015993984416127205 0.009377332404255867 0.0006683457177132368 -0.009978311136364937 0.999906063079834
30.68939971923828 0.4130195081233978 -0.018938425928354263 0.009619960561394691 0.0003721804532688111 -0.009819700382649899 0.999905526638031
30.77923583984375 0.4114275872707367 -0.016191421076655388 0.010083694010972977 -0.0002481821284163743 -0.009681059047579765 0.9999023079872131
30.90463638305664 0.40928417444229126 -0.015191190876066685 0.010639960877597332 -0.0005621163873001933 -0.009450540877878666 0.9998986721038818
30.966405868530273 0.4085107147693634 -0.014287781901657581 0.0109553849324584 -0.0005167709314264357 -0.009371976368129253 0.9998959898948669
31.066753387451172 0.406305730342865 -0.013448396697640419 0.01157388649880886 -0.00046534553985111415 -0.009104696102440357 0.9998915195465088
31.199142456054688 0.4078887104988098 -0.01546099316328764 0.012125855311751366 -0.0004400020989123732 -0.008739144541323185 0.9998881816864014
31.273847579956055 0.39803633093833923 -0.01414348091930151 0.01244540698826313 -0.00036861683474853635 -0.00885021686553955 0.9998832941055298
31.36815643310547 0.3990110158920288 -0.016674354672431946 0.01261394377797842 -0.00014753828872926533 -0.008681009523570538 0.9998828172683716
31.519729614257812 0.40020570158958435 -0.016969073563814163 0.012600352987647057 -0.00024412172206211835 -0.008246266283094883 0.9998866319656372
31.578012466430664 0.39801305532455444 -0.017567940056324005 0.01282581314444542 -0.0003378467808943242 -0.008089404553174973 0.9998850226402283
31.714628219604492 0.3950883150100708 -0.0175680760294199 0.013266979716718197 -0.00017981266137212515 -0.008011825382709503 0.9998799562454224
31.832199096679688 0.394407719373703 -0.019575754180550575 0.012912878766655922 2.622355350467842e-05 -0.007805070839822292 0.9998862147331238
31.910564422607422 0.3962279260158539 -0.02240430749952793 0.012472452595829964 -0.00019807096396107227 -0.007565781008452177 0.9998935461044312
32.02336883544922 0.4004535675048828 -0.020779389888048172 0.01209187787026167 -0.000746245204936713 -0.007405068725347519 0.9998992681503296
32.19001388549805 0.3975227475166321 -0.021243562921881676 0.011841462925076485 -0.0008000750676728785 -0.006977103650569916 0.9999052882194519
32.27145767211914 0.40031710267066956 -0.022187018766999245 0.011670712381601334 -0.0008412919705733657 -0.00667994050309062 0.9999092817306519
32.418121337890625 0.40261396765708923 -0.021434156224131584 0.011325727216899395 -0.0008842622628435493 -0.006544400937855244 0.9999140501022339
32.523963928222656 0.40050259232521057 -0.01968921348452568 0.01134337205439806 -0.0007977812783792615 -0.006291182246059179 0.9999155402183533
32.641231536865234 0.39865583181381226 -0.019719747826457024 0.011316658928990364 -0.0006767333834432065 -0.006083216052502394 0.999917209148407
32.74955368041992 0.3993845582008362 -0.021242132410407066 0.011626141145825386 -0.0006979700410738587 -0.005877310410141945 0.9999148845672607
32.92070770263672 0.39752498269081116 -0.020994510501623154 0.012037514708936214 -0.000818618864286691 -0.005534894298762083 0.9999119639396667
32.99037170410156 0.3966422379016876 -0.01834823563694954 0.01244531199336052 -0.0007687876932322979 -0.005427010357379913 0.9999074935913086
33.14494323730469 0.39803346991539 -0.019008588045835495 0.012869085185229778 -0.0005019741947762668 -0.005067144986242056 0.9999042749404907
33.29340744018555 0.39277681708335876 -0.017994370311498642 0.013145220465958118 -0.00033322712988592684 -0.004907015711069107 0.9999015927314758
33.39375686645508 0.3948591351509094 -0.018687007948756218 0.014081724919378757 1.3499743545253295e-05 -0.004895807709544897 0.9998888373374939
33.51056671142578 0.39146149158477783 -0.016979625448584557 0.01438119262456894 0.0002287551760673523 -0.0045526763424277306 0.9998862743377686
33.668487548828125 0.3923957049846649 -0.015390907414257526 0.014405032619833946 0.0003425818285904825 -0.004318935330957174 0.9998869299888611
33.7580680847168 0.3923385739326477 -0.015856092795729637 0.01473858393728733 0.0004487599653657526 -0.004003511276096106 0.9998833537101746
33.85075759887695 0.3891889154911041 -0.019778864458203316 0.015094268135726452 0.0002115043462254107 -0.0038157717790454626 0.9998788237571716
33.99669647216797 0.39014819264411926 -0.02157234400510788 0.015408897772431374 -0.00040776695823296905 -0.0035532689653337 0.9998749494552612
34.106346130371094 0.39082035422325134 -0.021242842078208923 0.01548751536756754 -0.0008124917512759566 -0.0033445823937654495 0.9998742341995239
34.18559265136719 0.39602938294410706 -0.018648503348231316 0.015179048292338848 -0.0009361883858218789 -0.0032254750840365887 0.9998791217803955
34.34326171875 0.3922822177410126 -0.023183003067970276 0.01546433288604021 -0.0010034661972895265 -0.0028200021479278803 0.9998760223388672
34.4182243347168 0.3954654037952423 -0.02110392414033413 0.015469853766262531 -0.0014070600736886263 -0.0026879115030169487 0.9998757839202881
34.53542709350586 0.39286190271377563 -0.0225826483219862 0.01571890525519848 -0.001453919569030404 -0.002313425298780203 0.9998727440834045
34.677669525146484 0.3935992121696472 -0.01971839927136898 0.015801599249243736 -0.00133422389626503 -0.0022729220800101757 0.9998717308044434
34.78299331665039 0.39790448546409607 -0.01795615442097187 0.016046596691012383 -0.000796835869550705 -0.001960264053195715 0.9998690485954285
34.88906478881836 0.3981938362121582 -0.02267255075275898 0.01666622795164585 -0.0004952648305334151 -0.0016723646549507976 0.999859631061554
35.04708480834961 0.39551466703414917 -0.020587563514709473 0.017188753932714462 -0.00032158606336452067 -0.001283365418203175 0.9998514652252197
35.139312744140625 0.3876183032989502 -0.023499740287661552 0.01773075759410858 0.00014870076847728342 -0.001129784737713635 0.9998422265052795
35.24197769165039 0.39635443687438965 -0.021966131404042244 0.01818525791168213 0.0003198580234311521 -0.0006724690902046859 0.999834418296814
35.42261505126953 0.3930273950099945 -0.024407992139458656 0.019073892384767532 0.001182899228297174 -8.951086783781648e-05 0.999817430973053
35.545654296875 0.38920629024505615 -0.02242705412209034 0.0203427542001009 0.0023039262741804123 0.0001948841381818056 0.999790370464325
35.65292739868164 0.3888343572616577 -0.023529304191470146 0.021632421761751175 0.0032882383093237877 0.0002085672167595476 0.999760627746582
35.81193923950195 0.3861697018146515 -0.027407711371779442 0.022487593814730644 0.0039020422846078873 0.0007138315704651177 0.9997392892837524
35.90568161010742 0.3914271593093872 -0.028135424479842186 0.02228355035185814 0.00426936661824584 0.0008691158727742732 0.9997422099113464
36.043914794921875 0.3923882246017456 -0.03144006431102753 0.02155454084277153 0.004246951546519995 0.0014383031520992517 0.9997575879096985
36.18008804321289 0.3991840183734894 -0.02999984845519066 0.02068621851503849 0.004024968016892672 0.00177207391243428 0.9997764229774475
36.29275894165039 0.3998039662837982 -0.02832680195569992 0.019779328256845474 0.003909309860318899 0.0018913439707830548 0.9997949004173279
36.42131423950195 0.40763792395591736 -0.02699015848338604 0.0190596804022789 0.004005568567663431 0.002536916406825185 0.9998071789741516
36.571632385253906 0.41168245673179626 -0.025679437443614006 0.01826985366642475 0.0044029210694134235 0.002817635191604495 0.9998193979263306
36.66225814819336 0.4204728305339813 -0.02660548873245716 0.017886988818645477 0.004949120804667473 0.003221654798835516 0.9998226165771484
36.79354476928711 0.4212971329689026 -0.02955607697367668 0.017173541709780693 0.005280307028442621 0.003336683614179492 0.9998330473899841
36.937992095947266 0.4291379451751709 -0.031200790777802467 0.016847074031829834 0.005140658002346754 0.004081852734088898 0.9998365640640259
37.04155731201172 0.433402419090271 -0.02832227759063244 0.0169131588190794 0.005260680802166462 0.004305084235966206 0.999833881855011
37.201629638671875 0.4326358735561371 -0.030674736946821213 0.017214080318808556 0.005501951556652784 0.0049608987756073475 0.9998244047164917
37.342830657958984 0.43474870920181274 -0.03138086572289467 0.01718863658607006 0.005800857674330473 0.005179582163691521 0.9998220205307007
37.44223403930664 0.4375808537006378 -0.0365874208509922 0.01697058603167534 0.00562156131491065 0.005460964050143957 0.9998252987861633
37.58217239379883 0.4422079026699066 -0.03684112802147865 0.016798609867691994 0.00546844769269228 0.005650391336530447 0.9998279809951782
37.75117874145508 0.4447813928127289 -0.03876141086220741 0.01682201214134693 0.005389345344156027 0.006582440808415413 0.9998223185539246
37.86280822753906 0.4476587772369385 -0.03897035866975784 0.017248744145035744 0.005188369192183018 0.006928472779691219 0.9998137950897217
37.996395111083984 0.4481545686721802 -0.042803239077329636 0.017422424629330635 0.004948433488607407 0.0072037349455058575 0.9998100399971008
38.176856994628906 0.4525212347507477 -0.04668934643268585 0.017955876886844635 0.004204023163765669 0.00775957154110074 0.9997997879981995
38.2650146484375 0.4518011808395386 -0.05285527929663658 0.018668200820684433 0.003167881863191724 0.00823791604489088 0.9997868537902832
38.42776107788086 0.4570486843585968 -0.05492447689175606 0.01884821429848671 0.0017747513484209776 0.008759367279708385 0.9997824430465698
38.578369140625 0.4626151919364929 -0.05528368428349495 0.018463002517819405 0.0007731474470347166 0.009035497903823853 0.9997884631156921
38.69986343383789 0.47006523609161377 -0.051744334399700165 0.017553115263581276 0.0005600092117674649 0.009622455574572086 0.9997994899749756
38.82448959350586 0.4805140793323517 -0.04561809077858925 0.01664523035287857 0.0008517850656062365 0.009644271805882454 0.9998146295547485
39.01385498046875 0.48374998569488525 -0.050265103578567505 0.016540929675102234 0.0012582195922732353 0.010359013453125954 0.9998087882995605
39.144901275634766 0.49094095826148987 -0.05257999151945114 0.01619422435760498 0.0012278774520382285 0.010681440122425556 0.9998111128807068
39.227638244628906 0.4972198009490967 -0.053320277482271194 0.016007250174880028 0.0008050056057982147 0.011177899315953255 0.9998090863227844
39.4162483215332 0.5058826208114624 -0.05298357084393501 0.01567831262946129 0.000494963547680527 0.011279156431555748 0.9998133778572083
39.553585052490234 0.5091596245765686 -0.05439266562461853 0.015751058235764503 0.00048222640180028975 0.011835519224405289 0.9998058080673218
39.690914154052734 0.5153547525405884 -0.05661381036043167 0.016337603330612183 0.000568042800296098 0.012009319849312305 0.9997942447662354
39.87034225463867 0.5138524174690247 -0.05981767922639847 0.017051292583346367 0.0005105803720653057 0.012868249788880348 0.9997717142105103
39.97245407104492 0.5197563767433167 -0.058802004903554916 0.01710462011396885 0.00025927607202902436 0.012504086829721928 0.9997755289077759
40.161529541015625 0.5288116931915283 -0.06038353964686394 0.016835195943713188 0.0002770627907011658 0.013392578810453415 0.9997685551643372
40.31945037841797 0.539522647857666 -0.061094146221876144 0.015967022627592087 0.000307083799270913 0.013570672832429409 0.9997804164886475
40.38315200805664 0.5449272394180298 -0.06313526630401611 0.015364664606750011 -6.152599962661043e-05 0.013463576324284077 0.9997913241386414
40.569156646728516 0.5551589727401733 -0.06552411615848541 0.014912523329257965 -0.00034862910979427397 0.014276141300797462 0.9997868537902832
40.72347640991211 0.5610834360122681 -0.06272061169147491 0.01458866335451603 -0.000445695361122489 0.014728117734193802 0.9997850060462952
40.8157958984375 0.5628772974014282 -0.06114255636930466 0.014529285952448845 -0.00021874281810596585 0.014986524358391762 0.999782145023346
41.005611419677734 0.5718083381652832 -0.0589446946978569 0.014548031613230705 0.00010591801401460543 0.015516365878283978 0.9997738003730774
41.13248062133789 0.5775129795074463 -0.059391479939222336 0.014041023328900337 0.0003658518835436553 0.015720302239060402 0.9997777938842773
41.2521858215332 0.5818647742271423 -0.05777396261692047 0.014001462608575821 0.0005190030205994844 0.015883037820458412 0.9997757077217102
41.39327621459961 0.5913028717041016 -0.057516347616910934 0.013951997272670269 0.0004223525174893439 0.01633898727595806 0.9997690916061401
41.53119659423828 0.5958864688873291 -0.05821666121482849 0.014280598610639572 0.0003866498009301722 0.016726337373256683 0.9997580647468567
41.609745025634766 0.5981204509735107 -0.05582993105053902 0.014194278046488762 0.0004861137713305652 0.016910497099161148 0.9997561573982239
41.763179779052734 0.6070435047149658 -0.056909237056970596 0.01395746786147356 0.0006074519478715956 0.017254991456866264 0.9997535347938538
41.894412994384766 0.6124700903892517 -0.055798131972551346 0.013805773109197617 0.0007861224585212767 0.017697611823678017 0.9997477531433105
41.94445037841797 0.6190874576568604 -0.05691305175423622 0.014274674467742443 0.0008428662549704313 0.017793240025639534 0.999739408493042
42.07775115966797 0.6195166110992432 -0.059283290058374405 0.01471087709069252 0.0007246327004395425 0.018270200118422508 0.9997246265411377
42.19662094116211 0.6208927035331726 -0.05815759673714638 0.015158453956246376 0.0005959868431091309 0.018389370292425156 0.9997158050537109
42.275970458984375 0.628699779510498 -0.05945749580860138 0.015200689435005188 0.0008017342770472169 0.018626568838953972 0.9997106790542603
42.41610336303711 0.6373289823532104 -0.06133972480893135 0.015039222314953804 0.0009428552002646029 0.019004905596375465 0.9997058510780334
42.516029357910156 0.6377735137939453 -0.06332819908857346 0.015072302892804146 0.0009094186243601143 0.019366776570677757 0.9996984601020813
42.62335968017578 0.6472300291061401 -0.06303361803293228 0.01527759525924921 0.0009247153648175299 0.01921800710260868 0.9996982216835022
42.71522521972656 0.6475681662559509 -0.06288229674100876 0.015292451716959476 0.0008718301542103291 0.01918015256524086 0.9996987581253052
42.84291076660156 0.6496449708938599 -0.06405040621757507 0.015577691607177258 0.0009060434531420469 0.018917914479970932 0.9996992945671082
42.91548156738281 0.655937671661377 -0.06400728970766068 0.01521693542599678 0.0011258310405537486 0.018581269308924675 0.9997109770774841
43.07057571411133 0.6632117629051208 -0.066451296210289 0.014691037125885487 0.0016261909622699022 0.018124783411622047 0.9997265338897705
43.16828918457031 0.6666632294654846 -0.06703255325555801 0.014096804894506931 0.0019097309559583664 0.017254043370485306 0.9997499585151672
43.286617279052734 0.6699110865592957 -0.06593085080385208 0.01329087559133768 0.0019829506054520607 0.016424071043729782 0.9997748732566833
43.393211364746094 0.6736263632774353 -0.06728971749544144 0.0136185297742486 0.002161039039492607 0.015440220013260841 0.9997857809066772
43.51325988769531 0.6721524596214294 -0.06761913746595383 0.014178063720464706 0.002274133963510394 0.014049272984266281 0.9997982382774353
43.62338638305664 0.6722925901412964 -0.06703411042690277 0.014461677521467209 0.0023566356394439936 0.013108712621033192 0.9998067617416382
43.712154388427734 0.6794904470443726 -0.06717300415039062 0.014271005988121033 0.0025928954128175974 0.012317020446062088 0.9998189806938171
43.846534729003906 0.6794939041137695 -0.06591612845659256 0.013873647898435593 0.0032684386242181063 0.011523026041686535 0.999832034111023
43.97308349609375 0.6870008707046509 -0.06801386177539825 0.01397729106247425 0.00388151197694242 0.011111525818705559 0.9998330473899841
44.08144760131836 0.6848164796829224 -0.07007250189781189 0.01487664133310318 0.004114988259971142 0.010634742677211761 0.9998243451118469
44.23548126220703 0.6849159002304077 -0.07081751525402069 0.01517367735505104 0.0041626011952757835 0.01009269431233406 0.9998252987861633
44.33930587768555 0.6892433762550354 -0.06886854767799377 0.014851359650492668 0.004000979475677013 0.00952786486595869 0.9998363852500916
44.48937225341797 0.6958098411560059 -0.06886134296655655 0.014092540368437767 0.0041559915989637375 0.00909741036593914 0.9998507499694824
44.62177276611328 0.6982730627059937 -0.07275604456663132 0.013289280235767365 0.004095799755305052 0.00882431585341692 0.999864399433136
44.76021194458008 0.70383620262146 -0.0747242420911789 0.013079672120511532 0.003810824593529105 0.00833470094949007 0.9998725056648254
44.8506965637207 0.7046790719032288 -0.07360921800136566 0.01291320938616991 0.0036995578557252884 0.008364560082554817 0.9998748302459717
45.0013427734375 0.7058885097503662 -0.0764024406671524 0.012541595846414566 0.003648242214694619 0.008004381321370602 0.999882698059082
45.146507263183594 0.7135394811630249 -0.07702142000198364 0.011989784426987171 0.0031049104873090982 0.0076675103046 0.9998939633369446
45.27983093261719 0.7188328504562378 -0.08006110787391663 0.012115279212594032 0.0028548543341457844 0.007415446452796459 0.9998950958251953
45.420501708984375 0.7246606349945068 -0.08035178482532501 0.012158156372606754 0.0025851174723356962 0.007222131360322237 0.9998967051506042
45.57225036621094 0.719292163848877 -0.08027353882789612 0.011925969272851944 0.0024950839579105377 0.006987663451582193 0.9999014139175415
45.73045349121094 0.724590539932251 -0.08545015752315521 0.011344952508807182 0.002380185993388295 0.006828053388744593 0.9999095797538757
45.85191345214844 0.7320833802223206 -0.08775107562541962 0.010965976864099503 0.001976814353838563 0.006593047641217709 0.999916136264801
45.98528289794922 0.7277817726135254 -0.0892627015709877 0.011400314047932625 0.0018055069958791137 0.006496406625956297 0.9999123215675354
46.14802551269531 0.728280246257782 -0.08968255668878555 0.013071478344500065 0.001640964183025062 0.0063401260413229465 0.9998931884765625
46.30806350708008 0.7221264243125916 -0.09082674980163574 0.01530058030039072 0.0010152118047699332 0.0060419426299631596 0.9998642206192017
46.472068786621094 0.7210603952407837 -0.09037841856479645 0.01720886118710041 3.180422572768293e-05 0.005946368910372257 0.9998342990875244
46.56485366821289 0.7212430238723755 -0.08536352962255478 0.017606576904654503 -0.0006738712545484304 0.0055359965190291405 0.9998294115066528
46.71604919433594 0.7308627963066101 -0.08260183781385422 0.016324816271662712 -0.00044932871242053807 0.0054878476075828075 0.999851644039154
46.8352165222168 0.735731840133667 -0.08621425926685333 0.014736968092620373 -0.0003701714740600437 0.005629307124763727 0.999875545501709
46.96046447753906 0.7405587434768677 -0.0907912477850914 0.013558289036154747 -0.0008345409878529608 0.005752427037805319 0.9998911619186401
47.08343505859375 0.7475481629371643 -0.0902455523610115 0.013246859423816204 -0.0013160090893507004 0.00566090876236558 0.999895453453064
47.21476745605469 0.7453566193580627 -0.09099238365888596 0.013236877508461475 -0.0015446202596649528 0.005531593691557646 0.9998958706855774
47.30610275268555 0.7501222491264343 -0.08903437852859497 0.013262487947940826 -0.0013909578556194901 0.005421813577413559 0.9998964667320251
47.45125198364258 0.7527319192886353 -0.08904195576906204 0.012385671958327293 -0.0012051364174112678 0.005268103908747435 0.9999087452888489
47.569114685058594 0.7597454786300659 -0.0893988162279129 0.011334894225001335 -0.0010728108463808894 0.00525319017469883 0.999921441078186
47.709312438964844 0.7651200890541077 -0.09062763303518295 0.010617597959935665 -0.0009359676041640341 0.005176781211048365 0.9999298453330994
47.85115051269531 0.768682599067688 -0.09116239845752716 0.010891608893871307 -0.0007843344938009977 0.005241808015853167 0.9999266862869263
47.97123336791992 0.7634277939796448 -0.09065064042806625 0.011305536143481731 -0.0004996386705897748 0.004953256342560053 0.9999237656593323
48.106536865234375 0.7749162912368774 -0.09196028858423233 0.011217997409403324 -0.0003974919382017106 0.004739562980830669 0.9999258518218994
48.249473571777344 0.7779984474182129 -0.09637615829706192 0.010640878230333328 -0.0006945105851627886 0.0047103529796004295 0.9999321103096008
48.3975944519043 0.7837038040161133 -0.09800062328577042 0.010049253702163696 -0.0011826243717223406 0.004702395759522915 0.9999377727508545
48.53831100463867 0.7881684303283691 -0.09572221338748932 0.00972543004900217 -0.0008970601484179497 0.004559069871902466 0.999941885471344
48.687599182128906 0.784282922744751 -0.09555595368146896 0.010299304500222206 -0.0003187960246577859 0.0049095675349235535 0.9999349117279053
48.840293884277344 0.7822592854499817 -0.09013666212558746 0.011448563076555729 0.0001810933172237128 0.004650565795600414 0.9999237060546875
48.9961051940918 0.7758750319480896 -0.08747974038124084 0.012984219007194042 0.0014519082615152001 0.004826997872442007 0.9999030828475952
49.130611419677734 0.7772419452667236 -0.08559206128120422 0.014194299466907978 0.0025360987056046724 0.004471177235245705 0.9998860955238342
49.288978576660156 0.7813727259635925 -0.0909503921866417 0.013979925774037838 0.002340791281312704 0.00444312859326601 0.9998897314071655
49.426063537597656 0.7853633761405945 -0.090580515563488 0.012729114852845669 0.0016483007930219173 0.0044239661656320095 0.999907910823822
49.58393478393555 0.7981290221214294 -0.0897023156285286 0.011310846544802189 0.0015599877806380391 0.004411721136420965 0.9999251365661621
49.72459411621094 0.8011830449104309 -0.08963347971439362 0.009989638812839985 0.0015562833286821842 0.004245060496032238 0.9999399185180664
49.89784622192383 0.8072553873062134 -0.09234634041786194 0.009654544293880463 0.0012281009694561362 0.004250218626111746 0.9999436736106873
50.0437126159668 0.8079980611801147 -0.09551496803760529 0.010129273869097233 0.0011473562335595489 0.004136757459491491 0.999939501285553
50.2017707824707 0.809342086315155 -0.09451206773519516 0.009991592727601528 0.0011094924993813038 0.004119982942938805 0.9999410510063171
50.35869216918945 0.8088541626930237 -0.09740953892469406 0.01005967054516077 0.0012471615336835384 0.004171900916844606 0.9999399781227112
50.517723083496094 0.8132297396659851 -0.09847815334796906 0.010140730999410152 0.001167403650470078 0.00413537910208106 0.9999393820762634
50.6760368347168 0.8123087286949158 -0.10138288140296936 0.0102061927318573 0.000651115900836885 0.004005242604762316 0.9999397397041321
50.828617095947266 0.8135126829147339 -0.10270299017429352 0.010258015245199203 0.00036883537541143596 0.004038532730191946 0.9999392032623291
50.98579025268555 0.8217618465423584 -0.09680096060037613 0.010027004405856133 0.0005469414172694087 0.003934305626899004 0.999941885471344
51.15122985839844 0.8232564926147461 -0.0959448367357254 0.009503855369985104 0.001074821106158197 0.0038771983236074448 0.9999467730522156
51.33295822143555 0.8254011869430542 -0.09979376941919327 0.00919150561094284 0.0015002595027908683 0.003892317647114396 0.9999490976333618
51.521114349365234 0.828245222568512 -0.10419907420873642 0.009242495521903038 0.0015268037095665932 0.003948670346289873 0.9999483823776245
51.678138732910156 0.8313665390014648 -0.10644826292991638 0.009283223189413548 0.0012794184731319547 0.0037314780056476593 0.9999491572380066
51.879371643066406 0.83481365442276 -0.10412339866161346 0.009049988351762295 0.0012118213344365358 0.0035822514910250902 0.999951958656311
51.9984016418457 0.833683431148529 -0.10083270817995071 0.008304494433104992 0.0015984729398041964 0.003732441458851099 0.9999573230743408
52.1415901184082 0.8427646160125732 -0.10261937230825424 0.007795826997607946 0.001697494531981647 0.0036443478893488646 0.9999615550041199
52.362064361572266 0.8414056897163391 -0.09998900443315506 0.007100303191691637 0.0013895891606807709 0.0036133017856627703 0.9999673366546631
52.530582427978516 0.848214328289032 -0.09894497692584991 0.006630818825215101 0.0015945378690958023 0.0034995090682059526 0.9999706745147705
52.70283889770508 0.8513748645782471 -0.09790597856044769 0.006275877356529236 0.0012370891636237502 0.0037394282408058643 0.9999725818634033
52.860721588134766 0.8531271815299988 -0.10126427561044693 0.006909234449267387 0.000983032281510532 0.003758091712370515 0.9999686479568481
53.034095764160156 0.8512482047080994 -0.10177577286958694 0.007821873761713505 0.000745631754398346 0.0038588359020650387 0.9999617338180542
53.17006301879883 0.8536450862884521 -0.10445058345794678 0.008345548063516617 0.0008409940637648106 0.0037829438224434853 0.9999576210975647
53.352874755859375 0.8534237146377563 -0.10446928441524506 0.008298254571855068 0.0009195992606692016 0.004031801596283913 0.9999570846557617
53.48900604248047 0.857797384262085 -0.10459840297698975 0.007492306176573038 0.0010192360496148467 0.004050835967063904 0.9999632835388184
53.64513397216797 0.8676978349685669 -0.10544441640377045 0.006742757745087147 0.0007973270257934928 0.00403715530410409 0.9999688267707825
53.77823257446289 0.8663111925125122 -0.11000971496105194 0.006885658949613571 0.00039771426236256957 0.004557696636766195 0.9999659061431885
53.940799713134766 0.8706161975860596 -0.11084559559822083 0.007516714744269848 -1.1404652468627319e-05 0.004411785863339901 0.9999620914459229
54.08938980102539 0.8679828643798828 -0.11386721581220627 0.008139868266880512 -3.0732389859622344e-05 0.004542339593172073 0.9999566078186035
54.223960876464844 0.8737489581108093 -0.11133891344070435 0.008423801511526108 -0.00011566947068786249 0.004709313623607159 0.9999534487724304
54.3502197265625 0.8770983219146729 -0.11296838521957397 0.008551063947379589 7.432397978845984e-05 0.004836222622543573 0.9999517798423767
54.494163513183594 0.8729865550994873 -0.110725037753582 0.008242534473538399 0.00011268832167843357 0.005157529842108488 0.9999527931213379
54.59120178222656 0.8806458711624146 -0.1151471734046936 0.008249516598880291 0.00016012840205803514 0.005100448615849018 0.999953031539917
54.722286224365234 0.8862019777297974 -0.11424591392278671 0.007904515601694584 0.00010273657971993089 0.005280989222228527 0.999954879283905
54.83015060424805 0.8852286338806152 -0.11176181584596634 0.008064748719334602 0.00030733508174307644 0.005469426512718201 0.9999525547027588
54.965850830078125 0.892025351524353 -0.10945095121860504 0.007844993844628334 0.0006929594674147666 0.005487398244440556 0.9999539852142334
55.08414077758789 0.8913145065307617 -0.11102574318647385 0.008019931614398956 0.0011847252026200294 0.005549902096390724 0.9999517798423767
55.212120056152344 0.8954588174819946 -0.11225200444459915 0.008128385990858078 0.0016056735767051578 0.005784071050584316 0.999949038028717
55.310997009277344 0.9004274010658264 -0.10830751061439514 0.007994302548468113 0.002040330320596695 0.005807410925626755 0.9999491572380066
55.4138069152832 0.892953097820282 -0.11169958859682083 0.007754069287329912 0.0024238298647105694 0.005856404546648264 0.9999498724937439
55.50386428833008 0.9029308557510376 -0.11365120112895966 0.0071689593605697155 0.0020189883653074503 0.005681285168975592 0.9999561905860901
55.61083221435547 0.9111377000808716 -0.11183646321296692 0.006616833619773388 0.0011669599916785955 0.006341100670397282 0.9999573826789856
55.704017639160156 0.9076289534568787 -0.11520718783140182 0.006577619817107916 0.0006066284258849919 0.006450117100030184 0.9999574422836304
55.79865264892578 0.9149288535118103 -0.11377430707216263 0.006976136937737465 0.0005338998162187636 0.006688221823424101 0.9999532103538513
55.88710403442383 0.914007842540741 -0.11259926110506058 0.007245525252074003 0.000619011465460062 0.006838615983724594 0.9999502301216125
55.98009490966797 0.9052927494049072 -0.11383450031280518 0.007285878993570805 0.0006990396068431437 0.006770302541553974 0.9999503493309021
56.10825729370117 0.9230549335479736 -0.11412465572357178 0.006524111144244671 0.0007819122984074056 0.006944867316633463 0.9999542832374573
56.191566467285156 0.9267751574516296 -0.11311501264572144 0.005442972294986248 0.0008584526949562132 0.006911471951752901 0.9999610185623169
56.33055877685547 0.9296615719795227 -0.11394155025482178 0.0048394282348454 0.0011054667411372066 0.007120152004063129 0.999962329864502
56.46052551269531 0.9382863640785217 -0.11636166274547577 0.004830088932067156 0.0012911572121083736 0.0074711996130645275 0.9999595880508423
56.542396545410156 0.9388216733932495 -0.11662104725837708 0.005044803488999605 0.0009874075185507536 0.007681394927203655 0.9999573826789856
56.67921447753906 0.9415814280509949 -0.11866584420204163 0.005607937928289175 0.0005468279705382884 0.007876497693359852 0.9999530911445618
56.762611389160156 0.9441546201705933 -0.11543142050504684 0.005775284953415394 0.0002488791651558131 0.007973563857376575 0.9999514818191528
56.90081787109375 0.946528434753418 -0.11549927294254303 0.0061653596349060535 0.0002240092435386032 0.008288376964628696 0.9999465942382812
56.99402618408203 0.9492544531822205 -0.11717327684164047 0.00682376604527235 0.00021389119501691312 0.008495147339999676 0.9999406933784485
57.146793365478516 0.9480400085449219 -0.11984682083129883 0.007439968176186085 0.000175854962435551 0.008673708885908127 0.9999346733093262
57.24623489379883 0.9465773701667786 -0.11757016181945801 0.007569946814328432 3.523382838466205e-05 0.008727033622562885 0.9999333620071411
57.39617919921875 0.9532129764556885 -0.11811496317386627 0.007739638444036245 0.0004272370133548975 0.008878528140485287 0.9999306201934814
57.487998962402344 0.9564348459243774 -0.12036087363958359 0.007887480780482292 0.0006250373553484678 0.009039958007633686 0.999927818775177
57.65524673461914 0.9560945630073547 -0.12218836694955826 0.008639568462967873 0.00083576375618577 0.00913330726325512 0.9999206066131592
57.75529098510742 0.9525710940361023 -0.12393595278263092 0.009252237156033516 0.0007702212315052748 0.009103784337639809 0.9999155402183533
57.93000030517578 0.958088755607605 -0.12639929354190826 0.009396741166710854 0.0003524213097989559 0.009016025811433792 0.9999152421951294
58.01967239379883 0.9685491919517517 -0.12320026010274887 0.008885234594345093 -0.00027373258490115404 0.008469054475426674 0.9999246001243591
58.1953010559082 0.9687160849571228 -0.1190401166677475 0.00731111504137516 -0.00022054724104236811 0.008702713996171951 0.9999354481697083
58.29279708862305 0.9784449934959412 -0.11772005259990692 0.006726780440658331 9.849335765466094e-05 0.008480766788125038 0.9999414086341858
58.460060119628906 0.9819245338439941 -0.11987705528736115 0.006832856684923172 0.00027932890225201845 0.008572309277951717 0.9999399781227112
58.57130432128906 0.9769655466079712 -0.12212146818637848 0.007718103006482124 0.00010468768596183509 0.008810979314148426 0.9999313950538635
58.737754821777344 0.9791258573532104 -0.12192247062921524 0.008224654011428356 -0.00017010720330290496 0.008479662239551544 0.999930202960968
58.84636306762695 0.9825661182403564 -0.12225805968046188 0.0077928598038852215 -0.00055169832194224 0.008464117534458637 0.999933660030365
59.01002502441406 0.9976796507835388 -0.123359315097332 0.006851923651993275 -0.000971908331848681 0.007972081191837788 0.999944269657135
59.12961959838867 1.0004335641860962 -0.12162382900714874 0.005327926017343998 -0.001111282384954393 0.007736775558441877 0.9999552369117737
59.318119049072266 1.013219952583313 -0.12059654295444489 0.004794555716216564 -0.0007268594345077872 0.008171804249286652 0.9999548196792603
59.42259216308594 1.0106676816940308 -0.11781061440706253 0.004792904015630484 -0.000260176690062508 0.007942858152091503 0.9999570250511169
59.61872863769531 1.0110235214233398 -0.12167336046695709 0.005826096516102552 2.2043512217351235e-05 0.007990370504558086 0.999951183795929
59.72388458251953 1.0095930099487305 -0.12582115828990936 0.006821725517511368 -0.00013348995707929134 0.007723672315478325 0.9999468922615051
59.924190521240234 1.0091322660446167 -0.12553633749485016 0.0073812189511954784 -0.0005751705612055957 0.007452838588505983 0.9999448657035828
60.04462814331055 1.0151716470718384 -0.1287277787923813 0.007940215058624744 -0.0009624491794966161 0.0071059963665902615 0.9999427199363708
60.25617218017578 1.0198389291763306 -0.13225804269313812 0.008308948948979378 -0.0014859102666378021 0.007188356481492519 0.9999386072158813
60.36872482299805 1.0169684886932373 -0.12914744019508362 0.008656676858663559 -0.0016122624510899186 0.0070111751556396484 0.9999366402626038
60.58678436279297 1.0183160305023193 -0.12754476070404053 0.008688353933393955 -0.001221185433678329 0.006884017959237099 0.999937891960144
60.72766876220703 1.0233664512634277 -0.1262231022119522 0.00853351503610611 -0.0008447199943475425 0.00678963353857398 0.9999401569366455
60.95610809326172 1.030730962753296 -0.12431459873914719 0.00785025954246521 -0.00036529943463392556 0.006372579373419285 0.9999487996101379
61.1028938293457 1.0339324474334717 -0.12427174299955368 0.007623797282576561 0.00020061979012098163 0.006209131330251694 0.9999517202377319
61.33740234375 1.0362586975097656 -0.12492570281028748 0.007826751098036766 0.0006730451714247465 0.0063977730460464954 0.9999486804008484
61.48443603515625 1.039607286453247 -0.1271599531173706 0.00818935502320528 0.0012586463708430529 0.006183792371302843 0.9999465346336365
61.738807678222656 1.0404459238052368 -0.12741917371749878 0.00789977703243494 0.0016668897587805986 0.005902422126382589 0.9999499917030334
61.87603759765625 1.0466461181640625 -0.12681613862514496 0.0068183704279363155 0.0015974327689036727 0.0058518629521131516 0.999958336353302
62.111820220947266 1.0574918985366821 -0.12542708218097687 0.005314995534718037 0.0017251914832741022 0.005323015619069338 0.9999701976776123
62.25749969482422 1.0606741905212402 -0.1268554925918579 0.005039346870034933 0.002065937966108322 0.005746643058955669 0.9999686479568481
62.52385330200195 1.0660109519958496 -0.13056473433971405 0.005693349521607161 0.00242035835981369 0.005632835905998945 0.9999650120735168
62.64936447143555 1.064825177192688 -0.1333937793970108 0.006743322592228651 0.0025240168906748295 0.0054114763624966145 0.999959409236908
62.899600982666016 1.0640573501586914 -0.13308952748775482 0.007201178930699825 0.0022750701755285263 0.005840114317834377 0.9999544024467468
63.04268264770508 1.0713775157928467 -0.1326434463262558 0.007075557950884104 0.002214934444054961 0.005646582692861557 0.9999566674232483
63.29921340942383 1.0740035772323608 -0.13586613535881042 0.006790805142372847 0.0021637023892253637 0.005696568638086319 0.9999583959579468
63.42210388183594 1.0808629989624023 -0.1347702294588089 0.006025583483278751 0.0024141890462487936 0.005648316349834204 0.9999629855155945
63.68010330200195 1.0833182334899902 -0.13970817625522614 0.006066750735044479 0.002502039074897766 0.0060203964821994305 0.9999603629112244
63.83152389526367 1.0833079814910889 -0.14391689002513885 0.006980134639889002 0.001988628413528204 0.0060764700174331665 0.9999552965164185
64.0687255859375 1.0843876600265503 -0.1451931893825531 0.00832612719386816 0.0010981867089867592 0.006585708819329739 0.9999431371688843
64.21393585205078 1.0915825366973877 -0.14206235110759735 0.00834072008728981 0.0007429276593029499 0.006609208416193724 0.999943196773529
64.46614074707031 1.0994757413864136 -0.13923224806785583 0.007657490670681 0.0006822803989052773 0.006661411374807358 0.999948263168335
64.60860443115234 1.1087586879730225 -0.13798601925373077 0.007358008064329624 0.0007860817131586373 0.00690253172069788 0.9999487996101379
64.84600067138672 1.112696886062622 -0.13883715867996216 0.007052375469356775 0.000860123778693378 0.006882956251502037 0.999951183795929
64.99504852294922 1.115805983543396 -0.143882617354393 0.007299458608031273 0.0007901617791503668 0.007216868922114372 0.9999470114707947
65.27960968017578 1.1277596950531006 -0.14529310166835785 0.007138388697057962 0.0004831772530451417 0.0076131923124194145 0.9999454617500305
65.41111755371094 1.1308302879333496 -0.14597560465335846 0.006758472882211208 0.00038386814412660897 0.007513352204114199 0.9999488592147827
65.6475830078125 1.1324630975723267 -0.14606328308582306 0.006893997546285391 0.0002746431273408234 0.008074254728853703 0.9999436140060425
65.80751037597656 1.142192006111145 -0.14639127254486084 0.006678266916424036 0.00018628971884027123 0.008163045160472393 0.9999444484710693
66.04915618896484 1.1401104927062988 -0.1504192054271698 0.006480472628027201 8.578675624448806e-05 0.00813645962625742 0.999945878982544
66.2139663696289 1.1540409326553345 -0.150712251663208 0.006977305747568607 -0.0003725371789187193 0.00849751103669405 0.9999395608901978
66.47358703613281 1.1569774150848389 -0.14568424224853516 0.007958902046084404 -0.0004754826659336686 0.008927269838750362 0.99992835521698
66.58369445800781 1.1581951379776 -0.14559294283390045 0.008860335685312748 -0.0002689665125217289 0.008897282183170319 0.9999212026596069
66.87236785888672 1.1542271375656128 -0.14326578378677368 0.008630464784801006 7.652764179510996e-05 0.009494801983237267 0.9999176859855652
67.0182876586914 1.1697545051574707 -0.14297612011432648 0.008186408318579197 0.00026681346935220063 0.009383450262248516 0.999922513961792
67.26324462890625 1.1743189096450806 -0.14262902736663818 0.007983643561601639 0.0004188462335150689 0.0100563270971179 0.9999175667762756
67.40665435791016 1.182987093925476 -0.14541244506835938 0.008377197198569775 0.0005590693326666951 0.010149728506803513 0.9999133348464966
67.6746597290039 1.1815694570541382 -0.15072758495807648 0.008787854574620724 0.0005486496374942362 0.01051837857812643 0.9999058842658997
67.8016357421875 1.1916687488555908 -0.15138399600982666 0.008618826977908611 0.00027913146186619997 0.010785512626171112 0.9999047517776489
68.10589599609375 1.204290509223938 -0.15070413053035736 0.008294697850942612 0.00030666033853776753 0.01121582556515932 0.9999027252197266
68.2301254272461 1.212636113166809 -0.15083354711532593 0.006959761958569288 0.0003177678445354104 0.01100954506546259 0.9999151229858398
68.5083999633789 1.2202856540679932 -0.15489424765110016 0.006054899655282497 0.00012913445243611932 0.011714641936123371 0.9999130368232727
68.66228485107422 1.2320343255996704 -0.15198403596878052 0.005955467466264963 5.488894385052845e-05 0.011984553188085556 0.9999105334281921
68.94995880126953 1.2344971895217896 -0.1482364684343338 0.006600810214877129 0.0005249916575849056 0.01247722189873457 0.999900221824646
69.08988952636719 1.235680103302002 -0.15219685435295105 0.007606406230479479 0.0009447871125303209 0.01275972556322813 0.9998891949653625
69.39531707763672 1.2408509254455566 -0.1524868905544281 0.008575277402997017 0.0012164440704509616 0.013113833032548428 0.9998764991760254
69.54255676269531 1.251108169555664 -0.1528606414794922 0.008932921104133129 0.0013987135607749224 0.012976722791790962 0.9998748898506165
69.84537506103516 1.2571073770523071 -0.1562000811100006 0.008947222493588924 0.0013324167812243104 0.013450990431010723 0.9998686909675598
69.99955749511719 1.2688227891921997 -0.16110371053218842 0.008946622721850872 0.0009457236737944186 0.01363186351954937 0.9998666048049927
70.2804946899414 1.2780895233154297 -0.15907911956310272 0.008728472515940666 0.0004999761004000902 0.014159182086586952 0.9998615384101868
70.46805572509766 1.2884408235549927 -0.16057723760604858 0.008736109361052513 0.00028455699793994427 0.01430425699800253 0.9998595118522644
70.76321411132812 1.3032499551773071 -0.16295473277568817 0.008530117571353912 -0.0003309760068077594 0.014677329920232296 0.9998558163642883
70.94086456298828 1.3145009279251099 -0.16031937301158905 0.00816078670322895 -0.0008306576055474579 0.014802010729908943 0.9998568892478943
