0.46567511558532715 -0.029913682490587234 0.012246370315551758 0.007338795345276594 -0.00017341910279355943 0.0024619405157864094 0.999970018863678
0.7912397384643555 -0.03056715987622738 0.015611868351697922 0.010801592841744423 0.00029476344934664667 0.0030508453492075205 0.9999369978904724
1.1386476755142212 -0.011898591183125973 0.009431847371160984 0.008697476238012314 0.0005947519093751907 0.005700575187802315 0.9999457597732544
1.757504940032959 0.020132753998041153 0.004510572180151939 0.002871764125302434 0.0012086700880900025 0.0073702530935406685 0.9999679923057556
1.9771727323532104 0.04230640456080437 0.0017122008139267564 9.665916149970144e-05 0.0037933201529085636 0.0085531547665596 0.9999562501907349
2.444866180419922 0.05756961181759834 -0.0066000064834952354 0.004528133198618889 0.00789167732000351 0.012022946029901505 0.9998863339424133
2.9473307132720947 0.05151700600981712 -0.01323985680937767 0.0115710673853755 0.010392412543296814 0.014436943456530571 0.9997748136520386
3.3060524463653564 0.04684554040431976 -0.020115772262215614 0.015749920159578323 0.009706745855510235 0.014722947031259537 0.9997204542160034
3.6114299297332764 0.05688677355647087 -0.025799626484513283 0.01698690839111805 0.006948668975383043 0.015342180617153645 0.9997138977050781
4.204339981079102 0.07835563272237778 -0.03476850688457489 0.016577059403061867 0.003526865504682064 0.015665436163544655 0.9997336864471436
4.4659552574157715 0.08314045518636703 -0.03543815016746521 0.017878785729408264 0.0017714104615151882 0.014842967502772808 0.9997284412384033
4.917837619781494 0.08937737345695496 -0.042134564369916916 0.02139674872159958 0.0021539635490626097 0.015064362436532974 0.9996552467346191
5.454341888427734 0.10162454098463058 -0.052467212080955505 0.02475622482597828 0.0031911367550492287 0.013500481843948364 0.9995972514152527
5.765530586242676 0.09048327803611755 -0.04997480288147926 0.029475610703229904 0.005717757623642683 0.014234676957130432 0.9994478225708008
6.257134914398193 0.09392936527729034 -0.04735514894127846 0.03417973965406418 0.01070219837129116 0.013213093392550945 0.999271035194397
6.768006324768066 0.10542849451303482 -0.053460199385881424 0.03426456078886986 0.014755891636013985 0.012547982856631279 0.9992250800132751
7.016602039337158 0.11854875087738037 -0.0715201199054718 0.03104601986706257 0.01471143402159214 0.0118442103266716 0.9993395209312439
7.47592306137085 0.13613371551036835 -0.07968161255121231 0.029019692912697792 0.012493741698563099 0.012260443530976772 0.9994255304336548
7.978631019592285 0.16107957065105438 -0.08973327279090881 0.02867428958415985 0.010195174254477024 0.011906830593943596 0.9994658827781677
8.452217102050781 0.1573929488658905 -0.11134099960327148 0.029084015637636185 0.0073655154556035995 0.011265533044934273 0.9994863867759705
8.879758834838867 0.17311783134937286 -0.12672221660614014 0.03203502669930458 0.0034973062574863434 0.010549569502472878 0.999424934387207
9.395210266113281 0.15681931376457214 -0.13509859144687653 0.03569456934928894 0.0008867130964063108 0.009839453734457493 0.9993139505386353
9.740254402160645 0.16906115412712097 -0.1330343782901764 0.036693595349788666 0.0007795004057697952 0.008879792876541615 0.9992868304252625
10.251155853271484 0.19437333941459656 -0.129527285695076 0.030890507623553276 0.00041415775194764137 0.007931048981845379 0.999491274356842
10.591940879821777 0.23826231062412262 -0.1256173700094223 0.02407003752887249 -0.00024344821576960385 0.0064483024179935455 0.9996894598007202
11.024528503417969 0.23035600781440735 -0.11478735506534576 0.02091190405189991 6.811009370721877e-05 0.007757970131933689 0.9997512102127075
11.508021354675293 0.23278990387916565 -0.115803562104702 0.023119280114769936 0.0014914203202351928 0.006453995127230883 0.9997107982635498
12.03281307220459 0.22879517078399658 -0.12942223250865936 0.028656145557761192 0.002635240089148283 0.0052805389277637005 0.9995719194412231
12.416996955871582 0.20531460642814636 -0.1406743824481964 0.03279212862253189 0.0031860661692917347 0.00538999168202281 0.9994426369667053
12.717747688293457 0.22246281802654266 -0.139796644449234 0.03239322081208229 0.003753235097974539 0.0027481643483042717 0.9994643926620483
13.261929512023926 0.21416521072387695 -0.14340214431285858 0.027224669232964516 0.0048972852528095245 0.0006438747514039278 0.9996171593666077
13.795397758483887 0.2516643702983856 -0.14812812209129333 0.023708192631602287 0.005097935441881418 -0.0001840093027567491 0.9997059106826782
14.145977020263672 0.24955788254737854 -0.15422046184539795 0.02416645735502243 0.003584150457754731 -0.001176964258775115 0.9997008442878723
14.568487167358398 0.23145481944084167 -0.15594148635864258 0.026218876242637634 0.0017414398025721312 -0.001694994862191379 0.9996532797813416
15.018031120300293 0.23676428198814392 -0.1635918915271759 0.028672726824879646 0.0004762010939884931 -0.0028050998225808144 0.9995847940444946
15.460123062133789 0.21241769194602966 -0.16244222223758698 0.030323365703225136 -0.00018443043518345803 -0.0033976987469941378 0.9995343089103699
15.901665687561035 0.2013494372367859 -0.15274940431118011 0.030003700405359268 0.001450832700356841 -0.0043326313607394695 0.9995393753051758
16.365446090698242 0.21993277966976166 -0.14061173796653748 0.027828138321638107 0.006269949022680521 -0.005312281660735607 0.9995789527893066
16.810516357421875 0.2274928241968155 -0.1534380465745926 0.024947866797447205 0.012532303109765053 -0.005311847198754549 0.999596118927002
17.280841827392578 0.2107231765985489 -0.173155277967453 0.021409932523965836 0.01619059219956398 -0.005088722798973322 0.9996267557144165
17.712251663208008 0.2308197170495987 -0.18776091933250427 0.018598802387714386 0.017589354887604713 -0.005395304877310991 0.9996577501296997
18.186067581176758 0.2231905609369278 -0.19301457703113556 0.018104607239365578 0.018359456211328506 -0.004565485753118992 0.9996570944786072
18.597288131713867 0.2309984564781189 -0.21499761939048767 0.016596665605902672 0.018517524003982544 -0.004794973414391279 0.9996792674064636
19.05711555480957 0.23173882067203522 -0.2554968297481537 0.013231961987912655 0.016290031373500824 -0.004690843168646097 0.9997687935829163
19.47381591796875 0.24484668672084808 -0.2786053419113159 0.008377944119274616 0.012837937101721764 -0.004470766056329012 0.9998725056648254
19.910978317260742 0.2549959421157837 -0.27940669655799866 0.002963785082101822 0.01047977153211832 -0.003665867494419217 0.9999340176582336
20.2002010345459 0.2783760130405426 -0.26985982060432434 -0.0019802527967840433 0.01034651417285204 -0.0037342614959925413 0.9999375343322754
20.664831161499023 0.2782469093799591 -0.27839404344558716 -0.004170420113950968 0.01172269694507122 -0.0025428198277950287 0.9999193549156189
21.4061336517334 0.2867945730686188 -0.29757219552993774 -0.0056375740095973015 0.013727138750255108 -0.0017885901033878326 0.9998883008956909
21.431055068969727 0.2934746742248535 -0.307322233915329 -0.008521094918251038 0.016275882720947266 -0.0016709279734641314 0.999829888343811
22.001773834228516 0.3132326006889343 -0.32624030113220215 -0.013403154909610748 0.01785951480269432 -0.0012307367287576199 0.9997499585151672
22.582902908325195 0.3336085379123688 -0.34309399127960205 -0.018418466672301292 0.018748842179775238 -0.0008576402324251831 0.999654233455658
22.901504516601562 0.34440502524375916 -0.3510129451751709 -0.02222791500389576 0.018868643790483475 -0.00015544690540991724 0.9995748996734619
23.40574836730957 0.3585093319416046 -0.37704405188560486 -0.024506989866495132 0.01793626882135868 0.00025033511337824166 0.9995387196540833
23.896202087402344 0.3729662597179413 -0.40263044834136963 -0.027498489245772362 0.015209334902465343 0.0010193393100053072 0.9995056390762329
24.307857513427734 0.3808659017086029 -0.4170088768005371 -0.03015478141605854 0.013383103534579277 0.002013005316257477 0.999453604221344
24.635143280029297 0.40141046047210693 -0.4328455626964569 -0.03168278932571411 0.011904043145477772 0.0021390928886830807 0.9994248151779175
25.30018424987793 0.40092703700065613 -0.4510795772075653 -0.03138513118028641 0.01065845601260662 0.003549547167494893 0.9994442462921143
25.47625732421875 0.4177185595035553 -0.4451189637184143 -0.03175855800509453 0.00924391858279705 0.004081675782799721 0.9994444847106934
26.03117561340332 0.417590856552124 -0.4480346739292145 -0.03217921406030655 0.009322875179350376 0.004704478196799755 0.9994275569915771
26.54266357421875 0.437503457069397 -0.470024436712265 -0.03412066027522087 0.009208510629832745 0.005552709102630615 0.9993599057197571
26.909143447875977 0.45807769894599915 -0.4866922199726105 -0.03815419226884842 0.008006704039871693 0.005377855151891708 0.9992253184318542
27.307085037231445 0.47523045539855957 -0.4886123538017273 -0.04058113694190979 0.007394838612526655 0.00581051129847765 0.9991320371627808
27.962505340576172 0.4867893159389496 -0.4880742132663727 -0.039555296301841736 0.008556784130632877 0.007078531663864851 0.9991557002067566
28.124011993408203 0.48038801550865173 -0.4997134804725647 -0.037787530571222305 0.008885773830115795 0.007200146093964577 0.9992203712463379
28.678264617919922 0.4896757900714874 -0.5147199034690857 -0.03713266924023628 0.007497369311749935 0.0072548482567071915 0.999255895614624
29.1904239654541 0.5053984522819519 -0.5180419683456421 -0.038496676832437515 0.006777649745345116 0.007122373674064875 0.9992103576660156
29.545001983642578 0.521834135055542 -0.5171216726303101 -0.04112691059708595 0.007661205716431141 0.006874565966427326 0.999100923538208
29.929786682128906 0.5408874750137329 -0.5297718048095703 -0.04331332445144653 0.008940678089857101 0.006092427764087915 0.9990029335021973
30.54220199584961 0.5413188338279724 -0.5476557016372681 -0.04310228303074837 0.008900466375052929 0.005304317455738783 0.9990169405937195
30.816234588623047 0.5471743941307068 -0.5474019050598145 -0.04184102639555931 0.009285460226237774 0.0043904148042202 0.9990715384483337
31.283687591552734 0.543535053730011 -0.5577701330184937 -0.04211491718888283 0.009599188342690468 0.0034822390880435705 0.9990606307983398
31.84334373474121 0.5547006726264954 -0.5762689709663391 -0.04384717345237732 0.008786829188466072 0.002234139945358038 0.998997151851654
32.140647888183594 0.5726121068000793 -0.5845070481300354 -0.0455741323530674 0.00769623601809144 0.00178584735840559 0.9989297389984131
32.58296203613281 0.5669617652893066 -0.5921804308891296 -0.04533390700817108 0.007263714913278818 0.0017363809747621417 0.9989439845085144
33.18153762817383 0.5689517259597778 -0.6029905080795288 -0.04236511513590813 0.007061923388391733 0.0012096005957573652 0.9990764856338501
33.45254135131836 0.5623207688331604 -0.6139895915985107 -0.04078754782676697 0.00539732538163662 0.0010979234939441085 0.999152660369873
33.992191314697266 0.5752055048942566 -0.614005446434021 -0.043069832026958466 0.00417356239631772 0.0002360228099860251 0.9990633130073547
34.476707458496094 0.5889623165130615 -0.6149669885635376 -0.04537081718444824 0.004099751822650433 -0.0007428080425597727 0.9989615678787231
34.82183837890625 0.5892111659049988 -0.6288275718688965 -0.04614866524934769 0.004238460212945938 -0.00019691517809405923 0.9989256262779236
35.29212188720703 0.580223560333252 -0.6294329166412354 -0.04240201413631439 0.004795062821358442 -0.0007753673125989735 0.9990888237953186
35.90630340576172 0.5656307935714722 -0.6387372612953186 -0.040233511477708817 0.0048624188639223576 -0.0011169055942445993 0.999177873134613
36.1781120300293 0.5804478526115417 -0.6338895559310913 -0.04113567993044853 0.005226973909884691 -0.0012451481306925416 0.9991391897201538
36.663291931152344 0.5863046050071716 -0.6347777843475342 -0.043338876217603683 0.006599979009479284 -0.0016326904296875 0.9990372657775879
37.35329055786133 0.5976152420043945 -0.6538578867912292 -0.046128857880830765 0.00819507334381342 -0.0015935093397274613 0.9989005923271179
37.477500915527344 0.5944050550460815 -0.6758822202682495 -0.045538414269685745 0.007053039968013763 -0.0015497807180508971 0.9989364743232727
38.04222106933594 0.5983023047447205 -0.6802363991737366 -0.042940404266119 0.004724743776023388 -0.0006499923183582723 0.9990662336349487
38.66169357299805 0.5910969376564026 -0.6697670817375183 -0.04109645634889603 0.00483299046754837 -0.0002753757871687412 0.9991434812545776
39.193763732910156 0.5991738438606262 -0.6775062084197998 -0.0425882451236248 0.005847188178449869 0.00038883654633536935 0.9990755319595337
39.69457244873047 0.6166329979896545 -0.7008742690086365 -0.044805858284235 0.005040465854108334 0.0013444462092593312 0.9989821314811707
40.09516143798828 0.6195375323295593 -0.7046748399734497 -0.04525573551654816 0.004090012051165104 0.0015059475554153323 0.9989659190177917
40.53178787231445 0.6208895444869995 -0.7024204730987549 -0.04384096339344978 0.004412107169628143 0.001703949412330985 0.9990273118019104
41.01549530029297 0.6262233853340149 -0.7164088487625122 -0.04218285158276558 0.004063569474965334 0.002394316252321005 0.9990987777709961
41.4951057434082 0.6283704042434692 -0.7128762006759644 -0.04220518842339516 0.0031563963275402784 0.002366520231589675 0.9991011619567871
41.97092819213867 0.6387540102005005 -0.7187435030937195 -0.04239005967974663 0.0030109102372080088 0.002919835038483143 0.9990923404693604
42.330623626708984 0.6432667970657349 -0.7222135066986084 -0.0424494631588459 0.0034720704425126314 0.0030601273756474257 0.999087929725647
42.925106048583984 0.6527959704399109 -0.7267228960990906 -0.0419183224439621 0.004429561551660299 0.003536704694852233 0.9991049766540527
43.42443084716797 0.6555132865905762 -0.727491021156311 -0.0420546717941761 0.005390760023146868 0.0039468929171562195 0.9990929961204529
43.88479232788086 0.6654765009880066 -0.7390152812004089 -0.04311997815966606 0.006314720027148724 0.0038793503772467375 0.9990424513816833
44.467529296875 0.6799831986427307 -0.7519344687461853 -0.04477928206324577 0.005551117938011885 0.004025544039905071 0.9989733695983887
44.83614730834961 0.6912268400192261 -0.752503514289856 -0.04547939449548721 0.004801962058991194 0.004167035687714815 0.9989450573921204
45.2509880065918 0.6950886845588684 -0.7594757676124573 -0.04399994760751724 0.004663044586777687 0.004355140496045351 0.9990111589431763
45.77751541137695 0.6954548358917236 -0.7648481130599976 -0.04235260561108589 0.004081151448190212 0.00429541477933526 0.9990851879119873
46.19588851928711 0.7008046507835388 -0.7622801065444946 -0.04281932860612869 0.0042591099627316 0.0040751234628260136 0.9990654587745667
46.732460021972656 0.7151285409927368 -0.7742061018943787 -0.04366156458854675 0.004957884084433317 0.004204448312520981 0.9990252256393433
47.2228889465332 0.7214305400848389 -0.7852774262428284 -0.0439423993229866 0.004384995903819799 0.0042080748826265335 0.9990155696868896
47.67232894897461 0.7310471534729004 -0.7838191390037537 -0.04235462099313736 0.004321474116295576 0.00406551081687212 0.9990850687026978
48.11800003051758 0.730461597442627 -0.7852922081947327 -0.04094843193888664 0.004903540480881929 0.004539306275546551 0.9991389513015747
48.60451889038086 0.738055408000946 -0.7909242510795593 -0.04105439782142639 0.005521450191736221 0.0045929173938930035 0.9991311430931091
49.044918060302734 0.7408027052879333 -0.798689067363739 -0.04138101637363434 0.005744314286857843 0.0049154870212078094 0.9991148710250854
49.5905876159668 0.7574464678764343 -0.8021180629730225 -0.04224236682057381 0.00685517443343997 0.00556997349485755 0.9990683197975159
49.99464797973633 0.7648460865020752 -0.8075113296508789 -0.04212936758995056 0.008619214408099651 0.006146243307739496 0.9990561008453369
50.48604965209961 0.7734951376914978 -0.8225066661834717 -0.0417490154504776 0.00892804004251957 0.006437533535063267 0.9990675449371338
50.908782958984375 0.7726821899414062 -0.8307440280914307 -0.03951593115925789 0.008784091100096703 0.00718259159475565 0.9991545081138611
51.371158599853516 0.7873175144195557 -0.8362454175949097 -0.03980286419391632 0.007869251072406769 0.007547787390649319 0.9991480708122253
51.83278274536133 0.795851469039917 -0.8441342115402222 -0.04120928421616554 0.006938132457435131 0.008306740783154964 0.9990919232368469
52.4469108581543 0.8230310678482056 -0.8493229150772095 -0.043968796730041504 0.006651785224676132 0.008686982095241547 0.99897301197052
52.838623046875 0.8359400629997253 -0.859371542930603 -0.046281930059194565 0.007051805965602398 0.009464574046432972 0.9988586902618408
53.24736785888672 0.8555980324745178 -0.8754192590713501 -0.04639219865202904 0.007425996009260416 0.009929927065968513 0.9988463521003723
53.758636474609375 0.8513834476470947 -0.8919212818145752 -0.042690813541412354 0.006528317462652922 0.010483167134225368 0.9990119934082031
54.08867263793945 0.8712999820709229 -0.8824173212051392 -0.04065045341849327 0.005611807573586702 0.010615055449306965 0.9991012811660767
54.52888870239258 0.8797984719276428 -0.8781151175498962 -0.042871519923210144 0.005838040262460709 0.011330274865031242 0.998999297618866
54.9677619934082 0.9128109812736511 -0.8911724090576172 -0.04672893509268761 0.005809855181723833 0.011703059077262878 0.9988221526145935
55.42826843261719 0.9339937567710876 -0.9036508798599243 -0.04901422932744026 0.0059761474840343 0.012370053678750992 0.99870365858078
55.85527038574219 0.950924277305603 -0.9021155834197998 -0.04771094769239426 0.009067303501069546 0.012854753993451595 0.9987373352050781
56.32277297973633 0.9501595497131348 -0.91673743724823 -0.04733683541417122 0.011328538879752159 0.01298578642308712 0.9987303614616394
56.7271728515625 0.966511070728302 -0.946190357208252 -0.048499930649995804 0.009030511602759361 0.013329812325537205 0.9986934065818787
57.18603515625 0.9999459981918335 -0.9473819136619568 -0.050259094685316086 0.004384912084788084 0.013609582558274269 0.998633861541748
57.59964370727539 1.0189127922058105 -0.9313653111457825 -0.05179815739393234 0.0029648556374013424 0.013896234333515167 0.9985564947128296
58.032100677490234 1.0225428342819214 -0.9329243302345276 -0.05141569301486015 0.0035224922467023134 0.015197206288576126 0.9985554814338684
58.29594039916992 1.0255202054977417 -0.9562878012657166 -0.04824896156787872 0.003990444354712963 0.015187843702733517 0.998711884021759
58.909278869628906 1.0485485792160034 -0.9644411206245422 -0.04631054028868675 0.004689516965299845 0.015283149667084217 0.9987991452217102
59.30101776123047 1.060850739479065 -0.9633878469467163 -0.048505838960409164 0.006895912811160088 0.015254070051014423 0.9986826181411743
59.817928314208984 1.1005079746246338 -0.9727381467819214 -0.0522640235722065 0.007962037809193134 0.015918204560875893 0.9984747171401978
60.24032974243164 1.1234095096588135 -0.9791998267173767 -0.05425475537776947 0.00787805113941431 0.016131849959492683 0.9983657598495483
60.609127044677734 1.1399978399276733 -0.9832274913787842 -0.05397481098771095 0.007459397893399 0.01642661727964878 0.9983792901039124
60.879154205322266 1.1507041454315186 -0.9950811862945557 -0.050728145986795425 0.005535763688385487 0.01629466749727726 0.9985641837120056
61.341312408447266 1.1563771963119507 -1.0054489374160767 -0.047567158937454224 0.003469324205070734 0.01712043024599552 0.9987152814865112
61.828399658203125 1.1690776348114014 -1.0070878267288208 -0.047416772693395615 0.0023525634314864874 0.016803087666630745 0.9987310767173767
62.12037658691406 1.1915069818496704 -1.0105869770050049 -0.048481494188308716 0.0030004014261066914 0.017030395567417145 0.9986743927001953
62.544960021972656 1.2110620737075806 -1.0187286138534546 -0.049355849623680115 0.004012600984424353 0.0168452225625515 0.9986311793327332
63.12784957885742 1.2303483486175537 -1.026645541191101 -0.047957029193639755 0.0036665352527052164 0.016766183078289032 0.9987019300460815
63.353389739990234 1.2312462329864502 -1.0137522220611572 -0.0463314913213253 0.004048089496791363 0.016857177019119263 0.9987757205963135
63.79008102416992 1.2502645254135132 -1.019586205482483 -0.045111723244190216 0.004625109955668449 0.016062850132584572 0.9988421201705933
64.32024383544922 1.2666609287261963 -1.0354783535003662 -0.04575091972947121 0.004783183801919222 0.015911927446722984 0.9988147020339966
64.61006164550781 1.2822319269180298 -1.0432074069976807 -0.04689393565058708 0.004186106380075216 0.015619531273841858 0.9987689852714539
65.12814331054688 1.2955899238586426 -1.0457683801651 -0.046197209507226944 0.003841148689389229 0.015640972182154655 0.9988024830818176
65.51848602294922 1.3091484308242798 -1.0411564111709595 -0.044368498027324677 0.005245926324278116 0.015203888528048992 0.9988857507705688
65.9484634399414 1.3176616430282593 -1.0414785146713257 -0.043253619223833084 0.0072790514677762985 0.015182935632765293 0.9989222288131714
66.34988403320312 1.3352373838424683 -1.0599242448806763 -0.04390240088105202 0.007683689706027508 0.014491887763142586 0.9989011883735657
66.77640533447266 1.3504111766815186 -1.0746592283248901 -0.0444478876888752 0.006281652953475714 0.014544926583766937 0.9988861083984375
67.14458465576172 1.3619049787521362 -1.0696842670440674 -0.04445886239409447 0.005744582507759333 0.014454331248998642 0.9988901019096375
67.55713653564453 1.3769235610961914 -1.0717006921768188 -0.04427611827850342 0.005431907717138529 0.014047356322407722 0.9989057779312134
67.90595245361328 1.3855459690093994 -1.0818156003952026 -0.04406481981277466 0.004784670192748308 0.0138961561024189 0.9989205598831177
68.58810424804688 1.4070101976394653 -1.0943639278411865 -0.0437452495098114 0.00326161808334291 0.013458268716931343 0.9989467263221741
68.6776351928711 1.413292407989502 -1.0951573848724365 -0.043429479002952576 0.001942786737345159 0.013387295417487621 0.9989649057388306
69.04471588134766 1.4253677129745483 -1.0858118534088135 -0.04271963611245155 0.0032262946479022503 0.012981603853404522 0.9989975690841675
69.43557739257812 1.4390467405319214 -1.0922592878341675 -0.04212775081396103 0.005548158194869757 0.012976067140698433 0.9990125894546509
69.8487319946289 1.4350415468215942 -1.1033357381820679 -0.04155170917510986 0.006643582601100206 0.012935103848576546 0.9990305304527283
70.1898193359375 1.4556821584701538 -1.1073063611984253 -0.042493823915719986 0.0065545449033379555 0.01222146488726139 0.9990004897117615
70.56815338134766 1.4728138446807861 -1.1049259901046753 -0.044056814163923264 0.006967349909245968 0.011934259906411171 0.9989334344863892
70.95543670654297 1.4946635961532593 -1.104682207107544 -0.045011404901742935 0.008636174723505974 0.012394018471240997 0.9988722801208496
71.28022003173828 1.4985963106155396 -1.1143931150436401 -0.04503202438354492 0.009344732388854027 0.012637055478990078 0.9988619089126587
71.6409683227539 1.508333444595337 -1.1279633045196533 -0.04365549609065056 0.008680736646056175 0.012479989789426327 0.9989309906959534
72.11463165283203 1.5231842994689941 -1.141568660736084 -0.04203631356358528 0.007217607460916042 0.01315705943852663 0.9990034103393555
72.36783599853516 1.5297236442565918 -1.1425827741622925 -0.041185177862644196 0.006675537675619125 0.013247515074908733 0.9990414381027222
72.68869018554688 1.5392354726791382 -1.135595679283142 -0.04130558297038078 0.007739064283668995 0.013541853986680508 0.9990248084068298
73.14935302734375 1.556059718132019 -1.1472392082214355 -0.04355064034461975 0.009293323382735252 0.013718854635953903 0.9989137649536133
73.33614349365234 1.5696158409118652 -1.1635334491729736 -0.04585608094930649 0.008194349706172943 0.013641430996358395 0.9988213181495667
73.67759704589844 1.5894665718078613 -1.1597787141799927 -0.04644118994474411 0.00722430320456624 0.013550475239753723 0.9988029599189758
74.12567138671875 1.603560209274292 -1.1625840663909912 -0.04567546024918556 0.007876504212617874 0.013384819962084293 0.9988356232643127
74.32259368896484 1.5954326391220093 -1.1673040390014648 -0.043969035148620605 0.008718142285943031 0.012845119461417198 0.9989122748374939
74.64048767089844 1.604505181312561 -1.1802095174789429 -0.042351897805929184 0.008481022901833057 0.012745902873575687 0.9989854693412781
75.06356811523438 1.617634654045105 -1.1898337602615356 -0.04190431535243988 0.006904294714331627 0.011876869015395641 0.9990271925926208
75.24372863769531 1.6204320192337036 -1.1909000873565674 -0.04262963682413101 0.0050490060821175575 0.011592358350753784 0.9990109205245972
75.59353637695312 1.629072904586792 -1.1934270858764648 -0.04369749873876572 0.0037559724878519773 0.01038089394569397 0.9989838004112244
75.9691390991211 1.6441785097122192 -1.1866862773895264 -0.045043058693408966 0.004261980764567852 0.009141462855041027 0.9989341497421265
76.07611846923828 1.6502892971038818 -1.1924388408660889 -0.045345522463321686 0.005468994844704866 0.009392787702381611 0.9989122152328491
76.46719360351562 1.6616131067276 -1.204102873802185 -0.04478205740451813 0.005328972823917866 0.008781003765761852 0.9989439845085144
76.88337707519531 1.6668850183486938 -1.2084275484085083 -0.04470767080783844 0.005320033524185419 0.00824747420847416 0.9989519119262695
77.07254791259766 1.6692668199539185 -1.212958812713623 -0.044756386429071426 0.005801639053970575 0.008514159359037876 0.9989448189735413
77.39110565185547 1.6803354024887085 -1.2150052785873413 -0.04492625966668129 0.006552787031978369 0.00789504311978817 0.9989376068115234
77.77571105957031 1.6808316707611084 -1.2153536081314087 -0.044748540967702866 0.007877814583480358 0.008292937651276588 0.9989328384399414
77.88758850097656 1.6938782930374146 -1.218171238899231 -0.044851791113615036 0.008405438624322414 0.007890555076301098 0.9989271759986877
78.23837280273438 1.6969188451766968 -1.220977544784546 -0.04474974051117897 0.008729448541998863 0.00770582165569067 0.9989303946495056
78.58537292480469 1.6990326642990112 -1.2257845401763916 -0.04351743310689926 0.009220059961080551 0.00748939486220479 0.9989820718765259
78.77568817138672 1.7019946575164795 -1.2354917526245117 -0.042107608169317245 0.008769153617322445 0.007504553534090519 0.9990464448928833
79.07550811767578 1.7001653909683228 -1.2406036853790283 -0.04099780693650246 0.007424991577863693 0.007437133230268955 0.9991040229797363
79.43943786621094 1.7133146524429321 -1.2489293813705444 -0.041509099304676056 0.005898288916796446 0.007413961924612522 0.999093234539032
79.62480926513672 1.7195782661437988 -1.2515778541564941 -0.0428188256919384 0.004461202770471573 0.007274353411048651 0.9990464448928833
79.86361694335938 1.7279314994812012 -1.2511173486709595 -0.043601877987384796 0.004140823148190975 0.007290828041732311 0.9990137815475464
80.24449157714844 1.7387701272964478 -1.2570263147354126 -0.043524663895368576 0.004765141289681196 0.0072995927184820175 0.9990143179893494
80.41069793701172 1.7353496551513672 -1.259717583656311 -0.042276300489902496 0.00536367017775774 0.007190827280282974 0.999065637588501
80.66561889648438 1.7451691627502441 -1.2665187120437622 -0.041670478880405426 0.0054894401691854 0.006895700003951788 0.9990925192832947
81.02642059326172 1.7422645092010498 -1.2694506645202637 -0.04105282574892044 0.004884804133325815 0.0067983996123075485 0.9991219639778137
81.12692260742188 1.7475593090057373 -1.2717610597610474 -0.040621500462293625 0.0046658823266625404 0.006834585685282946 0.9991403818130493
81.45306396484375 1.7588646411895752 -1.2745928764343262 -0.04048449173569679 0.004622295033186674 0.006671360693871975 0.9991472363471985
81.79925537109375 1.7498152256011963 -1.2775055170059204 -0.039996832609176636 0.004138480871915817 0.006966515444219112 0.9991669654846191
81.94695281982422 1.7605143785476685 -1.280821442604065 -0.03853798285126686 0.003100635949522257 0.0072258757427334785 0.9992262125015259
82.21821594238281 1.7632116079330444 -1.2764853239059448 -0.03702054172754288 0.0023322026245296 0.006812504958361387 0.9992885589599609
82.54300689697266 1.7571547031402588 -1.2758445739746094 -0.03589269146323204 0.0022793137468397617 0.007116585969924927 0.9993277192115784
82.7343521118164 1.7724800109863281 -1.2781585454940796 -0.03554632142186165 0.0022074768785387278 0.006777996197342873 0.9993426203727722
82.95851135253906 1.7679771184921265 -1.2840298414230347 -0.03555987402796745 0.0024987179785966873 0.006567772943526506 0.9993428587913513
83.31065368652344 1.7770861387252808 -1.292966365814209 -0.03496013581752777 0.0028050635010004044 0.006479490082710981 0.9993637800216675
83.4566879272461 1.782964825630188 -1.2948215007781982 -0.034746091812849045 0.0030061928555369377 0.006079709157347679 0.9993731379508972
83.69854736328125 1.7790462970733643 -1.2969924211502075 -0.036150604486465454 0.0029802522622048855 0.006052974611520767 0.9993235468864441
84.05682373046875 1.7969269752502441 -1.3018215894699097 -0.03759009763598442 0.0029495812486857176 0.005898327101022005 0.9992715120315552
84.23860168457031 1.8045369386672974 -1.2967017889022827 -0.03851817920804024 0.004064517095685005 0.006058657541871071 0.9992312788963318
84.46308135986328 1.8017704486846924 -1.296536922454834 -0.03739522770047188 0.005634924862533808 0.0061937603168189526 0.9992654919624329
84.86539459228516 1.79841947555542 -1.299949049949646 -0.03487678989768028 0.006296376697719097 0.0060944692231714725 0.9993532299995422
84.9623031616211 1.7964483499526978 -1.3010729551315308 -0.032117683440446854 0.00613422179594636 0.006055581383407116 0.9994469881057739
85.21224212646484 1.7984728813171387 -1.3012628555297852 -0.03101159818470478 0.005571339745074511 0.0060481415130198 0.999485194683075
85.55208587646484 1.8056797981262207 -1.3091353178024292 -0.030990038067102432 0.005143084097653627 0.006262891925871372 0.9994868636131287
85.70569610595703 1.8103854656219482 -1.3152790069580078 -0.03157849982380867 0.004776269197463989 0.0064819143153727055 0.9994688630104065
85.9539794921875 1.820403814315796 -1.3179949522018433 -0.03216792643070221 0.004876383580267429 0.006578294560313225 0.9994489550590515
86.30003356933594 1.8222904205322266 -1.325782060623169 -0.032681334763765335 0.004700439516454935 0.006544675212353468 0.9994333386421204
86.4287338256836 1.8308665752410889 -1.3302419185638428 -0.03334532678127289 0.004359560552984476 0.006786464247852564 0.9994113445281982
86.66732025146484 1.8405064344406128 -1.3298797607421875 -0.03390950337052345 0.004163976293057203 0.006735796108841896 0.9993935823440552
87.04440307617188 1.8467847108840942 -1.3357832431793213 -0.03316239267587662 0.004102972336113453 0.007020799443125725 0.9994168877601624
87.17052459716797 1.8446911573410034 -1.3367424011230469 -0.031717367470264435 0.004183667246252298 0.007114313077181578 0.9994627833366394
87.44268798828125 1.8469164371490479 -1.3353437185287476 -0.030265474691987038 0.0043053035624325275 0.007233557756990194 0.9995064735412598
87.77562713623047 1.8463244438171387 -1.3353484869003296 -0.029124319553375244 0.004586315248161554 0.007400049362331629 0.9995378851890564
87.96331024169922 1.8482928276062012 -1.3374906778335571 -0.028872281312942505 0.005014157388359308 0.007650874555110931 0.9995412230491638
88.21173095703125 1.8576349020004272 -1.3423455953598022 -0.029287343844771385 0.005232975818216801 0.007523772772401571 0.9995290040969849
88.51154327392578 1.8640073537826538 -1.3493812084197998 -0.029873698949813843 0.005018432158976793 0.007810098119080067 0.9995105862617493
88.76182556152344 1.867799162864685 -1.3558930158615112 -0.02998422645032406 0.005167372524738312 0.0076844883151352406 0.999507486820221
88.93270874023438 1.8771231174468994 -1.3574059009552002 -0.030394092202186584 0.005335409659892321 0.007561391685158014 0.9994951486587524
89.34378814697266 1.88267183303833 -1.363318920135498 -0.03098568134009838 0.005414266604930162 0.00809689424932003 0.9994723796844482
89.4381103515625 1.8883775472640991 -1.3677279949188232 -0.02965928427875042 0.005135096609592438 0.008141119964420795 0.9995137453079224
89.70391082763672 1.8835710287094116 -1.365951657295227 -0.028072629123926163 0.005219885613769293 0.007959441281855106 0.9995605945587158
90.05687713623047 1.8851960897445679 -1.3685526847839355 -0.026661427691578865 0.005973254796117544 0.008394191972911358 0.9995914101600647
90.23597717285156 1.8996890783309937 -1.3680719137191772 -0.027704287320375443 0.0068282741121947765 0.00833805650472641 0.9995580911636353
90.47877502441406 1.9068752527236938 -1.3713061809539795 -0.028996041044592857 0.008013108745217323 0.008341765962541103 0.9995126128196716
90.85220336914062 1.9196876287460327 -1.386439323425293 -0.03139106184244156 0.00872087199240923 0.009041442535817623 0.9994282722473145
91.01309204101562 1.9321891069412231 -1.3934311866760254 -0.03304467350244522 0.008559615351259708 0.009431973099708557 0.9993727207183838
91.3108901977539 1.9411110877990723 -1.4021655321121216 -0.0345040000975132 0.008016807027161121 0.009717650711536407 0.999325156211853
91.64605712890625 1.95452082157135 -1.4089268445968628 -0.03352849557995796 0.007110144942998886 0.010105091147124767 0.9993613958358765
91.86781311035156 1.9498950242996216 -1.4073657989501953 -0.031953342258930206 0.006641077809035778 0.010248083621263504 0.9994147419929504
92.13655090332031 1.9482494592666626 -1.4064350128173828 -0.030013231560587883 0.006991047877818346 0.01073289755731821 0.9994674324989319
92.44755554199219 1.962943196296692 -1.413402795791626 -0.028044698759913445 0.007247982546687126 0.011024738661944866 0.9995196461677551
92.65819549560547 1.9547778367996216 -1.4208548069000244 -0.027334492653608322 0.007052075583487749 0.010685548186302185 0.9995443820953369
93.08342742919922 1.9730890989303589 -1.43484365940094 -0.028170470148324966 0.0058344765566289425 0.011192264035344124 0.9995234608650208
93.42720794677734 1.989972710609436 -1.4448615312576294 -0.029479101300239563 0.004081847611814737 0.011227410286664963 0.9994940161705017
93.65325164794922 2.0026919841766357 -1.4485163688659668 -0.030229603871703148 0.0029055774211883545 0.011096439324319363 0.9994771480560303
93.94439697265625 2.0099284648895264 -1.4448567628860474 -0.030201701447367668 0.0032902832608669996 0.011848116293549538 0.999468207359314
94.2874755859375 2.025973081588745 -1.447961688041687 -0.029406873509287834 0.00440661795437336 0.011027193628251553 0.9994969964027405
94.58585357666016 2.0187466144561768 -1.4536514282226562 -0.027929415926337242 0.005298577714711428 0.011919353157281876 0.9995247721672058
94.86035919189453 2.021094799041748 -1.4640552997589111 -0.026546519249677658 0.0052971732802689075 0.012002202682197094 0.9995614886283875
95.28239440917969 2.0394434928894043 -1.470057487487793 -0.02506670169532299 0.004231083672493696 0.011884884908795357 0.999606192111969
95.51683044433594 2.0393738746643066 -1.461571216583252 -0.024152450263500214 0.0044342833571136 0.012421660125255585 0.9996212720870972
95.9791030883789 2.053819417953491 -1.4687708616256714 -0.02316780760884285 0.005176335573196411 0.012285595759749413 0.9996427297592163
96.43740844726562 2.0567636489868164 -1.4728792905807495 -0.02201821468770504 0.006328891962766647 0.013087131083011627 0.9996519088745117
96.71390533447266 2.074122905731201 -1.4839882850646973 -0.021792901679873466 0.00765313021838665 0.012523414567112923 0.9996547698974609
96.9744873046875 2.087785243988037 -1.4971691370010376 -0.023013886064291 0.008121062070131302 0.012689017690718174 0.9996216893196106
97.58100891113281 2.0994560718536377 -1.504624605178833 -0.022647785022854805 0.008274827152490616 0.013761158101260662 0.9996145963668823
97.75434112548828 2.105896234512329 -1.494789719581604 -0.02190139703452587 0.009765181690454483 0.013890733942389488 0.9996159672737122
98.17529296875 2.1187291145324707 -1.511191964149475 -0.02095787040889263 0.011166314594447613 0.013492727652192116 0.9996269941329956
98.67904663085938 2.1297433376312256 -1.5204265117645264 -0.019721906632184982 0.011373193003237247 0.01409551128745079 0.999641478061676
98.94252014160156 2.1305668354034424 -1.5327359437942505 -0.018566936254501343 0.011382629163563251 0.014150594361126423 0.9996626973152161
99.21267700195312 2.147420883178711 -1.5462685823440552 -0.018637966364622116 0.010376634076237679 0.014110444113612175 0.9996728897094727
99.82991790771484 2.153622627258301 -1.5577419996261597 -0.01889735274016857 0.009530473500490189 0.014713430777192116 0.999667763710022
99.9881820678711 2.171400547027588 -1.554939866065979 -0.018808335065841675 0.009548765607178211 0.014392751269042492 0.9996739029884338
100.42473602294922 2.1842401027679443 -1.5679535865783691 -0.017592890188097954 0.009886547923088074 0.014252041466534138 0.9996947646141052
100.8865966796875 2.1863226890563965 -1.5783162117004395 -0.0156771931797266 0.009484918788075447 0.014615091495215893 0.999725341796875
101.22261047363281 2.2005155086517334 -1.5908299684524536 -0.013753865845501423 0.008349299430847168 0.013744164258241653 0.9997760653495789
101.49791717529297 2.1949210166931152 -1.5943843126296997 -0.011889033950865269 0.007016319781541824 0.014814261347055435 0.9997949600219727
102.12906646728516 2.220524311065674 -1.5980874300003052 -0.0107794851064682 0.0066493540070950985 0.0128357307985425 0.9998374581336975
102.31240844726562 2.2277090549468994 -1.5913887023925781 -0.010490323416888714 0.008670997805893421 0.012928127311170101 0.999823808670044
102.70056915283203 2.235886573791504 -1.6107118129730225 -0.010500945150852203 0.010611784644424915 0.012864059768617153 0.9998058080673218
103.30300903320312 2.2372992038726807 -1.6266218423843384 -0.007487202528864145 0.011501980014145374 0.013329758308827877 0.9998169541358948
103.58946990966797 2.2467315196990967 -1.627388596534729 -0.005302300211042166 0.012361680157482624 0.011948204599320889 0.9998381733894348
103.85321044921875 2.2545738220214844 -1.6296544075012207 -0.0029736526776105165 0.013831661082804203 0.011337854899466038 0.9998356699943542
104.47380065917969 2.259939670562744 -1.6500849723815918 -7.315923721762374e-05 0.014878625050187111 0.011615153402090073 0.9998218417167664
104.646484375 2.2644357681274414 -1.6696666479110718 -0.0015403734287247062 0.014018206857144833 0.011143764480948448 0.9998384714126587
105.10936737060547 2.2785303592681885 -1.6925790309906006 -0.005996578838676214 0.010408439673483372 0.01131998747587204 0.9998638033866882
105.53695678710938 2.3191683292388916 -1.7032450437545776 -0.011496256105601788 0.00600413465872407 0.010337412357330322 0.9998624920845032
105.86334228515625 2.3203799724578857 -1.6961908340454102 -0.011642389930784702 0.0020873190369457006 0.012573853135108948 0.9998509883880615
106.13224029541016 2.333469867706299 -1.6937496662139893 -0.009759165346622467 -0.00018804067804012448 0.012701816856861115 0.9998716711997986
106.74391174316406 2.3356499671936035 -1.6947580575942993 -0.008530248887836933 -0.0005586895276792347 0.012944399379193783 0.9998797178268433
106.95616149902344 2.346663236618042 -1.7124515771865845 -0.007996934466063976 -0.0016194229247048497 0.013641980476677418 0.999873697757721
107.37804412841797 2.3646955490112305 -1.7227838039398193 -0.010177440010011196 -0.003751393873244524 0.013497786596417427 0.9998500943183899
107.89039611816406 2.378452777862549 -1.7079285383224487 -0.01195916160941124 -0.005855924915522337 0.015223619528114796 0.9997954368591309
108.14149475097656 2.419222593307495 -1.6923408508300781 -0.013147682882845402 -0.006226581521332264 0.013934442773461342 0.9997971057891846
108.43302154541016 2.419990062713623 -1.6822723150253296 -0.01373367104679346 -0.00531130051240325 0.01539542619138956 0.9997730851173401
109.03980255126953 2.4420318603515625 -1.6801217794418335 -0.011705699376761913 -0.004423302132636309 0.015585091896355152 0.9998002648353577
109.14311218261719 2.441624879837036 -1.6976433992385864 -0.009892992675304413 -0.0041303751058876514 0.01604975014925003 0.9998137354850769
109.66886901855469 2.4523444175720215 -1.694857120513916 -0.009506802074611187 -0.004326438531279564 0.0162082277238369 0.9998140931129456
110.14405822753906 2.483611822128296 -1.69109308719635 -0.010964854620397091 -0.003715852741152048 0.016212794929742813 0.999801516532898
110.37471771240234 2.492399215698242 -1.6831353902816772 -0.01185219269245863 -0.0035063126124441624 0.016220202669501305 0.9997920393943787
110.66422271728516 2.5198724269866943 -1.6707655191421509 -0.012979201972484589 -0.0023340971674770117 0.015518407337367535 0.9997926354408264
111.24169158935547 2.5276763439178467 -1.6660921573638916 -0.014680856838822365 -0.000468220969196409 0.01663586124777794 0.9997537136077881
111.4040298461914 2.5468950271606445 -1.6726598739624023 -0.015375555492937565 0.00040704646380618215 0.01572727970778942 0.9997580051422119
111.84947204589844 2.5556414127349854 -1.6836460828781128 -0.013168404810130596 0.00033003330463543534 0.017228703945875168 0.9997648000717163
