0.20548172295093536 0.02415870875120163 -0.0008649859810248017 -0.00012151451664976776 -0.00018279283540323377 0.0125423027202487 0.9999213218688965
0.42113929986953735 0.06174018234014511 -0.0010769324144348502 0.0002651016984600574 -0.00033225040533579886 0.025757526978850365 0.9996681213378906
0.5686327219009399 0.07406698167324066 0.0014498465461656451 0.0008754798909649253 -0.00028725367155857384 0.03461064025759697 0.9994004964828491
0.7197937965393066 0.11555950343608856 0.001999440137296915 0.001718575251288712 -0.00015997306036297232 0.04501959681510925 0.9989846348762512
1.013374924659729 0.17533253133296967 0.002183423610404134 0.002269608899950981 9.222860535373911e-05 0.06515523791313171 0.9978725910186768
1.0903186798095703 0.209061399102211 0.0005103416624478996 0.0024389612954109907 0.00025516818277537823 0.07201490551233292 0.9974005818367004
1.2928649187088013 0.27917805314064026 6.227272024261765e-06 0.0017666812054812908 0.00019404874183237553 0.08921054005622864 0.9960112571716309
1.503845453262329 0.36688467860221863 -0.0005545150488615036 0.0005836901837028563 -0.00015495260595344007 0.10833343863487244 0.9941144585609436
1.647397518157959 0.43172216415405273 -0.0031457780860364437 -0.000485003663925454 -0.0002902794221881777 0.12089867144823074 0.9926647543907166
1.783933401107788 0.5012285113334656 -0.0050722528249025345 -0.0010849437676370144 -0.00022475459263660014 0.13390818238258362 0.9909931421279907
2.0716397762298584 0.6402246952056885 -0.006459479685872793 -0.001802185084670782 0.0001837442978285253 0.15891896188259125 0.9872899651527405
2.1379404067993164 0.6861591935157776 -0.00781517755240202 -0.003019997151568532 0.0006457057315856218 0.16563105583190918 0.9861829876899719
2.3555476665496826 0.8042266368865967 -0.00859677605330944 -0.005134942941367626 0.0011168955825269222 0.18403948843479156 0.982904851436615
2.5758450031280518 0.9405752420425415 -0.011985484510660172 -0.007088701240718365 0.0011441002134233713 0.20312221348285675 0.9791271090507507
2.7206337451934814 1.041059136390686 -0.014334481209516525 -0.008678232319653034 0.001167974784038961 0.21511952579021454 0.9765484929084778
2.8588011264801025 1.1452521085739136 -0.01394383329898119 -0.010046379640698433 0.0016873646527528763 0.22748316824436188 0.9737287759780884
3.1811132431030273 1.3580909967422485 -0.01789783127605915 -0.011154767125844955 0.0025417935103178024 0.25214192271232605 0.9676226377487183
3.2398593425750732 1.4238922595977783 -0.02133730612695217 -0.012066759169101715 0.0034501061309129 0.2581070363521576 0.9660348296165466
3.478651285171509 1.6008039712905884 -0.025664884597063065 -0.013150620274245739 0.00455967104062438 0.275155633687973 0.9612990021705627
3.7162275314331055 1.7993971109390259 -0.03238476440310478 -0.013975840061903 0.006119903642684221 0.29250630736351013 0.9561418890953064
3.8733022212982178 1.9394738674163818 -0.03738458454608917 -0.01496866811066866 0.007747513707727194 0.3023616075515747 0.9530442953109741
4.026379585266113 2.0852150917053223 -0.0421578623354435 -0.016499212011694908 0.009185326285660267 0.31291458010673523 0.9495935440063477
4.330352783203125 2.3679940700531006 -0.05407356470823288 -0.018359102308750153 0.01058282982558012 0.33139851689338684 0.9432528614997864
4.384109020233154 2.445772647857666 -0.056957345455884933 -0.01998056098818779 0.011383472010493279 0.33461880683898926 0.9420729279518127
4.570095539093018 2.633760452270508 -0.06508367508649826 -0.021467657759785652 0.011964935809373856 0.34468817710876465 0.9383954405784607
4.829395294189453 2.895986795425415 -0.0811958834528923 -0.022454259917140007 0.012479755096137524 0.35701680183410645 0.9337446689605713
4.947718143463135 3.0079376697540283 -0.08746670931577682 -0.02219066023826599 0.013192180544137955 0.3617926836013794 0.9319010376930237
5.144272327423096 3.1507649421691895 -0.11541472375392914 -0.013690189458429813 0.014156411401927471 0.36771509051322937 0.9297299981117249
5.404489040374756 3.359549045562744 -0.12810955941677094 -0.00038114257040433586 0.013921738602221012 0.3744141757488251 0.9271569848060608
5.49699068069458 3.450571298599243 -0.11985163390636444 0.012286859564483166 0.014143037609755993 0.3780863285064697 0.9255807399749756
5.698768138885498 3.6251513957977295 -0.11812654137611389 0.017330026254057884 0.01317279040813446 0.3803828954696655 0.9245728850364685
5.924292087554932 3.895378589630127 -0.1315154731273651 0.013902179896831512 0.00721425237134099 0.3864547610282898 0.922175407409668
6.000385761260986 4.05740213394165 -0.14672847092151642 0.005883911624550819 -0.003405242459848523 0.38814958930015564 0.9215713143348694
6.201445579528809 4.298274993896484 -0.1479022055864334 -0.0005515259690582752 -0.014106981456279755 0.3931647539138794 0.9193596839904785
6.3521037101745605 4.493931770324707 -0.13316769897937775 -0.0007718948181718588 -0.020689286291599274 0.3952767550945282 0.9183287620544434
6.54547119140625 4.68982458114624 -0.12946276366710663 0.004787878133356571 -0.022328918799757957 0.39670735597610474 0.9176610112190247
6.7568793296813965 4.897996425628662 -0.11743643879890442 0.012213137932121754 -0.020488357171416283 0.39832279086112976 0.9169350862503052
6.980914115905762 5.112708568572998 -0.10398009419441223 0.019631633535027504 -0.015542975626885891 0.40161094069480896 0.9154680371284485
7.193953037261963 5.301163673400879 -0.09808538109064102 0.026095930486917496 -0.00960043165832758 0.40403178334236145 0.9143222570419312
7.507420539855957 5.609855651855469 -0.09863787144422531 0.03054899349808693 -0.007179381791502237 0.4085562229156494 0.9121935367584229
7.619946479797363 5.773061752319336 -0.09243165701627731 0.030376026406884193 -0.007446580100804567 0.41191980242729187 0.910683274269104
7.782848834991455 6.023839473724365 -0.07168707251548767 0.023288611322641373 -0.009609008207917213 0.4170204997062683 0.9085479378700256
8.030372619628906 6.3842973709106445 -0.04459306597709656 0.01385330781340599 -0.01117454469203949 0.42491212487220764 0.9050595760345459
8.114937782287598 6.537501811981201 -0.034267157316207886 0.008883364498615265 -0.011382181197404861 0.42921990156173706 0.9030845761299133
8.303227424621582 6.788787364959717 -0.03311362862586975 0.01025576051324606 -0.010827047750353813 0.4363558292388916 0.8996505737304688
8.56381893157959 7.129851818084717 -0.02904309146106243 0.014295740984380245 -0.009720215573906898 0.4450691342353821 0.8953293561935425
8.680801391601562 7.291050434112549 -0.03363771364092827 0.015681777149438858 -0.01020228024572134 0.44786474108695984 0.8939055800437927
8.854736328125 7.561507225036621 -0.02377222664654255 0.014234126545488834 -0.011422139592468739 0.4535846710205078 0.8910263180732727
9.092571258544922 7.949497699737549 -0.0030240898486226797 0.011805582791566849 -0.01145116612315178 0.46088260412216187 0.8873087167739868
9.199227333068848 8.122835159301758 0.0010442327475175261 0.010153299197554588 -0.010348452255129814 0.4637901782989502 0.8858264088630676
9.384045600891113 8.409043312072754 0.010879523120820522 0.008738716132938862 -0.009015743620693684 0.4687109589576721 0.8832623362541199
9.630497932434082 8.809172630310059 0.023781703785061836 0.007526615634560585 -0.007266476284712553 0.4753878712654114 0.8797141313552856
9.73673152923584 8.978665351867676 0.03031444549560547 0.007069299928843975 -0.005163911264389753 0.4782116711139679 0.8782010078430176
9.913763046264648 9.272977828979492 0.03395221009850502 0.007397852838039398 -0.0030264314264059067 0.4831991493701935 0.8754739761352539
10.13471794128418 9.66094970703125 0.039925578981637955 0.006898412946611643 -0.0020770630799233913 0.48929092288017273 0.8720909357070923
10.238091468811035 9.845295906066895 0.03960205987095833 0.0054351468570530415 -0.0017843161476776004 0.49254560470581055 0.8702678680419922
10.381450653076172 10.120781898498535 0.04479418322443962 0.004048838280141354 -0.0017767967656254768 0.49690207839012146 0.8677953481674194
10.584033966064453 10.506524085998535 0.04603008180856705 0.0038840007036924362 -0.0009775774087756872 0.5037519335746765 0.8638390898704529
10.679150581359863 10.694777488708496 0.04533897340297699 0.004167873412370682 0.00028417250723578036 0.5067833662033081 0.8620634078979492
10.81592082977295 10.961495399475098 0.04389988258481026 0.003689354518428445 0.0008536916575394571 0.5120939612388611 0.8589211702346802
10.998973846435547 11.347525596618652 0.04509291797876358 0.002662061480805278 0.0010718501871451735 0.5192677974700928 0.8546067476272583
11.078716278076172 11.528741836547852 0.049479126930236816 0.0019360686419531703 0.0022456266451627016 0.5227282643318176 0.8524941802024841
11.20194149017334 11.821028709411621 0.05286818742752075 0.00021646592358592898 0.0038054059259593487 0.5281381607055664 0.8491499423980713
11.366929054260254 12.245987892150879 0.060625649988651276 -0.007170342840254307 0.004219661001116037 0.535894513130188 0.8442440032958984
11.4401273727417 12.462716102600098 0.06787753850221634 -0.015895463526248932 0.008186079561710358 0.5395520925521851 0.8417624235153198
11.550926208496094 12.780192375183105 0.061255596578121185 -0.022154442965984344 0.017326489090919495 0.5445619821548462 0.8382489085197449
11.724845886230469 13.156612396240234 0.0016760953003540635 -0.01838129200041294 0.030455702915787697 0.5518832802772522 0.8331623077392578
11.808927536010742 13.310944557189941 -0.05038803443312645 -0.013946265913546085 0.03317471221089363 0.553839921951294 0.8318451046943665
11.934078216552734 13.559124946594238 -0.05399134010076523 -0.011046112515032291 0.028529657050967216 0.5586798787117004 0.8288189172744751
12.055754661560059 13.978992462158203 -0.035309258848428726 -0.01239322591573 0.02285589464008808 0.5658181309700012 0.824120044708252
12.096151351928711 14.164899826049805 -0.014403671957552433 -0.014017272740602493 0.02121979556977749 0.5682060718536377 0.8224932551383972
12.192152976989746 14.472312927246094 -0.02906482107937336 -0.015497883781790733 0.0204890426248312 0.5723646283149719 0.8195967078208923
12.318014144897461 14.85898494720459 -0.08500715345144272 -0.016014883294701576 0.016837162896990776 0.5775608420372009 0.8160168528556824
12.342657089233398 14.990835189819336 -0.14744581282138824 -0.012530134059488773 0.009782279841601849 0.5808717012405396 0.8138399720191956
12.453112602233887 15.316774368286133 -0.19362853467464447 -0.003057522000744939 0.004099293611943722 0.584488570690155 0.8113858103752136
12.579324722290039 15.757954597473145 -0.16836082935333252 0.005149925593286753 0.004441011231392622 0.5897492170333862 0.8075578808784485
12.656903266906738 15.978326797485352 -0.12316576391458511 0.0030390270985662937 0.009147071279585361 0.5913059115409851 0.8063897490501404
12.753531455993652 16.317026138305664 -0.12199762463569641 -0.0019250421319156885 0.012676313519477844 0.594744861125946 0.8038122653961182
12.836294174194336 16.668561935424805 -0.13958291709423065 -0.0048897587694227695 0.013139337301254272 0.5976983308792114 0.8015985488891602
12.929779052734375 17.01311683654785 -0.16024614870548248 -0.004182588774710894 0.012253702618181705 0.6006206274032593 0.7994293570518494
13.01544189453125 17.35101318359375 -0.1817495971918106 -0.0015928767388686538 0.011586767621338367 0.6033653616905212 0.797379195690155
13.101190567016602 17.688901901245117 -0.19489261507987976 0.0011052084155380726 0.011426468379795551 0.6053974032402039 0.7958405613899231
13.195413589477539 18.049842834472656 -0.198737233877182 0.002355508506298065 0.011578749865293503 0.6075378656387329 0.7942029237747192
13.284817695617676 18.408451080322266 -0.20367151498794556 0.0020999026019126177 0.011616138741374016 0.6097569465637207 0.7925006151199341
13.382643699645996 18.82090187072754 -0.21131454408168793 0.0014198413118720055 0.011612688191235065 0.6118256449699402 0.7909061908721924
13.468896865844727 19.197071075439453 -0.22208988666534424 0.001105712610296905 0.011605819687247276 0.6130919456481934 0.7899255156517029
13.57151985168457 19.606088638305664 -0.2311534881591797 0.001797446864657104 0.012134548276662827 0.6145395636558533 0.7887907028198242
13.670873641967773 20.015432357788086 -0.2423253059387207 0.0025278537068516016 0.01311401929706335 0.6157527565956116 0.7878262400627136
13.784523963928223 20.469696044921875 -0.25414371490478516 0.0031842279713600874 0.01393355242908001 0.6169768571853638 0.7868515849113464
13.871705055236816 20.864864349365234 -0.264164000749588 0.003309540217742324 0.014385567046701908 0.6180635690689087 0.78598952293396
13.990132331848145 21.3546142578125 -0.27666595578193665 0.0033725379034876823 0.014577636495232582 0.6193897128105164 0.7849411368370056
14.082050323486328 21.761310577392578 -0.28618213534355164 0.003390076570212841 0.014856611378490925 0.6204859614372253 0.7840695381164551
14.18697452545166 22.226953506469727 -0.2998466491699219 0.0035932071041315794 0.01519570592790842 0.621762752532959 0.7830499410629272
14.333869934082031 22.885887145996094 -0.3160781264305115 0.003687632502987981 0.015487912110984325 0.6236211061477661 0.7815645933151245
14.398648262023926 23.183513641357422 -0.3250035047531128 0.003935717511922121 0.015891583636403084 0.6245426535606384 0.7808191180229187
14.509095191955566 23.682130813598633 -0.33804067969322205 0.004172543529421091 0.016405444592237473 0.6259181499481201 0.7797051072120667
14.653688430786133 24.383235931396484 -0.3576858937740326 0.004124811850488186 0.016596205532550812 0.6277371048927307 0.7782376408576965
14.711380004882812 24.6946964263916 -0.36744898557662964 0.003965654876083136 0.01680421084165573 0.6283688545227051 0.7777239680290222
14.814769744873047 25.218273162841797 -0.3812015950679779 0.003982385154813528 0.016881920397281647 0.6295826435089111 0.7767399549484253
14.969517707824707 25.96866798400879 -0.4024463891983032 0.004098349250853062 0.01708543486893177 0.6308532357215881 0.7757032513618469
15.035264015197754 26.293556213378906 -0.41364118456840515 0.0042128791101276875 0.01730758138000965 0.6314335465431213 0.7752254009246826
15.145710945129395 26.845016479492188 -0.43108028173446655 0.00463852658867836 0.01762152649462223 0.6324155330657959 0.7744149565696716
15.299529075622559 27.628173828125 -0.45010796189308167 0.0052811442874372005 0.01791510358452797 0.6340802907943726 0.7730416059494019
15.359332084655762 27.975444793701172 -0.4614082872867584 0.005354493390768766 0.01763327792286873 0.6348620653152466 0.772405743598938
15.464736938476562 28.557392120361328 -0.4781951904296875 0.005196054000407457 0.017257893458008766 0.6362687349319458 0.7712569832801819
15.61728572845459 29.378488540649414 -0.5008724331855774 0.005493734497576952 0.017188627272844315 0.6380605101585388 0.7697747349739075
15.674453735351562 29.73579216003418 -0.5099930167198181 0.006069728173315525 0.017149634659290314 0.6389217972755432 0.7690566182136536
15.773293495178223 30.34432601928711 -0.5256339907646179 0.006474715191870928 0.017291873693466187 0.6405081152915955 0.7677294015884399
15.922331809997559 31.207460403442383 -0.544722318649292 0.0066448901779949665 0.01724168471992016 0.6426220536231995 0.7659605145454407
15.986221313476562 31.589500427246094 -0.5544446706771851 0.006502201780676842 0.01697489246726036 0.6436416506767273 0.7651111483573914
16.085491180419922 32.2208366394043 -0.5687806606292725 0.0062993308529257774 0.01688094437122345 0.6450985074043274 0.7638869881629944
16.22882080078125 33.11477279663086 -0.5904949903488159 0.006248129531741142 0.01696990616619587 0.6466520428657532 0.7625707387924194
16.287128448486328 33.50827407836914 -0.5992140769958496 0.0061903782188892365 0.017155813053250313 0.6474125981330872 0.7619214653968811
16.386110305786133 34.17233657836914 -0.6123870611190796 0.005769609939306974 0.017551282420754433 0.6481773853302002 0.7612652778625488
16.52554702758789 35.08897018432617 -0.6328767538070679 0.0047539230436086655 0.017812734469771385 0.6489819884300232 0.7605804204940796
16.58304786682129 35.499874114990234 -0.645719051361084 0.0035968858283013105 0.017856018617749214 0.6490938663482666 0.7604902982711792
16.685047149658203 36.16340255737305 -0.6645307540893555 0.003031024942174554 0.018021663650870323 0.6490769386291504 0.7605032324790955
16.8328800201416 37.087955474853516 -0.6906112432479858 0.0029946959111839533 0.018335504457354546 0.648249089717865 0.7612017393112183
16.898143768310547 37.49821472167969 -0.7021274566650391 0.0033587429206818342 0.01872127689421177 0.6478317379951477 0.7615460157394409
16.99231719970703 38.103328704833984 -0.7210617065429688 0.0035587367601692677 0.01891014724969864 0.6471667885780334 0.7621056437492371
17.1650333404541 39.117042541503906 -0.7479066252708435 0.003508057678118348 0.01895470917224884 0.6461129784584045 0.7629983425140381
17.224714279174805 39.53152847290039 -0.7615236043930054 0.0035309933591634035 0.018937597051262856 0.6456672549247742 0.7633758783340454
17.339399337768555 40.21356964111328 -0.7814591526985168 0.0037712068296968937 0.019049905240535736 0.6451966166496277 0.7637697458267212
17.507579803466797 41.172550201416016 -0.808141827583313 0.004282910376787186 0.019262393936514854 0.6443133354187012 0.7645070552825928
17.572528839111328 41.59013366699219 -0.8194924592971802 0.004461425356566906 0.01927904412150383 0.6441341042518616 0.7646566033363342
17.687910079956055 42.28120422363281 -0.8384780883789062 0.004514690022915602 0.01935662515461445 0.6439400315284729 0.7648177742958069
17.854633331298828 43.25313949584961 -0.8648149371147156 0.004417783580720425 0.019046176224946976 0.643564760684967 0.7651419639587402
17.920141220092773 43.67037582397461 -0.8765357136726379 0.004538188222795725 0.019065065309405327 0.6434898972511292 0.7652037143707275
18.03888511657715 44.37289047241211 -0.8966137766838074 0.004823697730898857 0.019036738201975822 0.6433914303779602 0.7652854919433594
18.20872688293457 45.34046936035156 -0.9176640510559082 0.005044436547905207 0.019095957279205322 0.6429815888404846 0.7656269669532776
18.273550033569336 45.77108383178711 -0.9294522404670715 0.004853296559303999 0.019198572263121605 0.6428068280220032 0.7657723426818848
18.395801544189453 46.462646484375 -0.947990894317627 0.004689974244683981 0.019073305651545525 0.6427671313285828 0.7658098340034485
18.5616455078125 47.4189453125 -0.9706109166145325 0.0047046709805727005 0.019056467339396477 0.6428222060203552 0.7657639384269714
18.6309757232666 47.84965133666992 -0.9797788858413696 0.004672145005315542 0.01914593204855919 0.6429772973060608 0.7656316757202148
18.74509620666504 48.533382415771484 -0.9955875873565674 0.004530110862106085 0.019146913662552834 0.6431074142456055 0.7655231952667236
18.913572311401367 49.490325927734375 -1.0184171199798584 0.0044299946166574955 0.01962113566696644 0.6439568996429443 0.7647973299026489
18.9706974029541 49.908103942871094 -1.0300692319869995 0.004362132865935564 0.02001386508345604 0.6443008780479431 0.7644977569580078
19.083402633666992 50.587764739990234 -1.0458287000656128 0.004153463989496231 0.020133811980485916 0.6449936032295227 0.7639114260673523
19.236892700195312 51.52750778198242 -1.0698243379592896 0.003710529999807477 0.020202206447720528 0.6459288597106934 0.7631212472915649
19.298290252685547 51.94258117675781 -1.0821747779846191 0.0033809097949415445 0.02009892649948597 0.646243691444397 0.7628589272499084
19.407257080078125 52.618431091308594 -1.097200870513916 0.0030687046237289906 0.019790949299931526 0.6465386152267456 0.762618362903595
19.55938148498535 53.55683135986328 -1.1236897706985474 0.002884539309889078 0.019816776737570763 0.6470977663993835 0.7621440291404724
19.623920440673828 53.9543571472168 -1.1360821723937988 0.002981059020385146 0.020168496295809746 0.6472100019454956 0.7620391249656677
19.726774215698242 54.631370544433594 -1.1555463075637817 0.002981326077133417 0.020108846947550774 0.6474294662475586 0.7618542313575745
19.875810623168945 55.55519485473633 -1.179771065711975 0.0030560402665287256 0.020337795838713646 0.6476764678955078 0.7616379261016846
19.931734085083008 55.96098709106445 -1.1923003196716309 0.0027214945293962955 0.020012766122817993 0.6478263139724731 0.7615203261375427
20.03420066833496 56.623111724853516 -1.2085751295089722 0.0024656241293996572 0.019421927630901337 0.6478856801986694 0.7614859938621521
20.181922912597656 57.55595779418945 -1.2327237129211426 0.001797464326955378 0.019236739724874496 0.6478831171989441 0.7614947557449341
20.243751525878906 57.95831298828125 -1.2481389045715332 0.0020896929781883955 0.019783230498433113 0.647994875907898 0.761384904384613
20.348133087158203 58.618797302246094 -1.2656192779541016 0.0022684410214424133 0.020116591826081276 0.6476545929908752 0.7616651654243469
20.49767303466797 59.54753112792969 -1.292513370513916 0.0024232410360127687 0.020278941839933395 0.6473013162612915 0.7619605660438538
