0.846558690071106 -0.00029335758881643414 -8.876279025571421e-05 -8.229244849644601e-05 -0.00010557970381341875 -0.00010457386815687642 1.0
1.8900139331817627 0.0022137134801596403 -0.00217457371763885 4.2547922930680215e-05 -0.0002789985737763345 -0.00015321708633564413 1.0
2.440218687057495 0.009336487390100956 -5.0135786295868456e-05 1.9681443518493325e-05 -0.0005035967915318906 -0.00011253122647758573 0.9999998807907104
3.2303407192230225 0.017395900562405586 0.001907753525301814 -0.00040163734229281545 -0.0002531506179366261 0.0002434532216284424 0.9999998807907104
4.4018378257751465 0.025554940104484558 0.004447548650205135 -0.0006544762873090804 0.00026157632237300277 0.0008063744171522558 0.999999463558197
4.884871482849121 0.03225801885128021 0.005139670800417662 -0.0006204971577972174 0.0012492039240896702 0.0012323615374043584 0.9999983310699463
5.7321624755859375 0.03933320567011833 0.0013452268904075027 -0.001010786509141326 0.001914587919600308 0.0012145648943260312 0.9999969601631165
6.835289478302002 0.04719963297247887 -0.005085437558591366 -0.0012059226864948869 0.0022528183180838823 0.0013514884049072862 0.9999958276748657
7.569779396057129 0.055439844727516174 -0.004530518315732479 -0.0009219053317792714 0.002317188773304224 0.0016153367469087243 0.9999955892562866
8.437784194946289 0.06263038516044617 -0.006087822373956442 -0.0008040076354518533 0.002626249101012945 0.0019114562310278416 0.9999943971633911
9.232072830200195 0.06756838411092758 -0.007893331348896027 -0.0009263033862225711 0.0032211237121373415 0.002223312621936202 0.9999919533729553
10.009413719177246 0.07725344598293304 -0.009348710998892784 -0.001125269802287221 0.003955094609409571 0.0022958943154662848 0.9999889731407166
10.856502532958984 0.08739471435546875 -0.013041936792433262 -0.0014217824209481478 0.004517595283687115 0.0024718400090932846 0.9999857544898987
11.487544059753418 0.09494642168283463 -0.014858640730381012 -0.0014067849842831492 0.0048026577569544315 0.0027296715416014194 0.9999837875366211
12.32027816772461 0.10406225919723511 -0.018974682316184044 -0.0012799863470718265 0.004793764557689428 0.0027530770748853683 0.9999839067459106
12.806539535522461 0.11721106618642807 -0.01864471845328808 -0.0011815485777333379 0.004670289810746908 0.002856987761333585 0.9999843239784241
13.576894760131836 0.12355722486972809 -0.022011548280715942 -0.0014036762295290828 0.004510828293859959 0.0026829217094928026 0.9999852776527405
14.22838020324707 0.12897109985351562 -0.024452807381749153 -0.0014896871289238334 0.004196078982204199 0.0021748007275164127 0.999987781047821
14.859858512878418 0.13211043179035187 -0.028602546080946922 -0.001249432098120451 0.0035226806066930294 0.0020194370299577713 0.9999909996986389
15.480589866638184 0.1379975527524948 -0.034859832376241684 -0.0011013317853212357 0.0022485891822725534 0.0014790442073717713 0.999995768070221
15.899137496948242 0.1439497172832489 -0.03507813811302185 -0.0007719176355749369 0.0009208875708281994 0.001219028839841485 0.9999985694885254
16.72367286682129 0.14593929052352905 -0.03397756814956665 -0.0007313470123335719 0.0003062815230805427 0.0005907148006372154 0.9999995231628418
17.362239837646484 0.15066948533058167 -0.03278801217675209 -0.0007080279174260795 0.0004011717683169991 0.00023185729514807463 0.9999996423721313
17.95756721496582 0.1532793492078781 -0.03247800096869469 -0.0007335190894082189 0.0006777861271984875 -0.0003003629972226918 0.999999463558197
18.789979934692383 0.15298867225646973 -0.03357645496726036 -0.0006482472526840866 0.0010173189220950007 -0.0009155776351690292 0.9999988675117493
19.208070755004883 0.1557149589061737 -0.03347453102469444 -0.0005487832822836936 0.001356380176730454 -0.001116953557357192 0.9999983310699463
19.824460983276367 0.16003301739692688 -0.03299881890416145 -0.0005866258288733661 0.0020335628651082516 -0.0017063466366380453 0.9999963045120239
20.42104721069336 0.15868207812309265 -0.032497670501470566 -0.0005579410353675485 0.0028060264885425568 -0.001983341993764043 0.9999939799308777
21.027217864990234 0.15781421959400177 -0.03561214357614517 -0.0005248094093985856 0.0034552577417343855 -0.0022943750955164433 0.9999912977218628
21.57714080810547 0.15985625982284546 -0.03634069487452507 -0.0008796860347501934 0.0035940015222877264 -0.002390095964074135 0.9999902844429016
22.156160354614258 0.15861208736896515 -0.040341947227716446 -0.000512294820509851 0.003720551496371627 -0.002301956294104457 0.9999903440475464
22.70009994506836 0.16709741950035095 -0.04303652048110962 -0.0006730669992975891 0.0031190195586532354 -0.0025404784828424454 0.9999917149543762
23.226308822631836 0.16029638051986694 -0.05034918710589409 -0.0013889673864468932 0.00201325211673975 -0.0033397574443370104 0.9999914765357971
23.739646911621094 0.16018667817115784 -0.05028698593378067 -0.002015879610553384 0.0010875689331442118 -0.004245676565915346 0.9999883770942688
24.27151107788086 0.16331689059734344 -0.05143090710043907 -0.0021961310412734747 0.0009377448004670441 -0.005267568398267031 0.9999832510948181
24.620521545410156 0.16494998335838318 -0.0476045198738575 -0.002090050373226404 0.0010435833828523755 -0.0059659359976649284 0.9999794960021973
25.288135528564453 0.15307798981666565 -0.04969354346394539 -0.002325483364984393 0.001115468330681324 -0.008028949610888958 0.9999644160270691
25.833721160888672 0.1299760341644287 -0.05220925435423851 -0.002033849013969302 0.001129860756918788 -0.009473971091210842 0.9999524354934692
26.36565589904785 0.12240071594715118 -0.05356622114777565 -0.0009409002377651632 0.0011742855422198772 -0.010562142357230186 0.9999430775642395
26.828582763671875 0.10702355206012726 -0.05455527827143669 0.0003435638209339231 0.0013241845881566405 -0.010772672481834888 0.9999410510063171
27.455989837646484 0.09902042150497437 -0.05766279622912407 0.0010075762402266264 0.0012850066414102912 -0.010141908191144466 0.9999472498893738
27.937118530273438 0.09746202826499939 -0.059461697936058044 0.0004184962890576571 0.001358501147478819 -0.009257754310965538 0.9999561309814453
28.461761474609375 0.09815612435340881 -0.06486000120639801 0.0003304354031570256 0.0008923561545088887 -0.007959089241921902 0.9999678730964661
28.985380172729492 0.09251559525728226 -0.06399840116500854 0.0013463330687955022 0.0006972697447054088 -0.0067795272916555405 0.9999759197235107
29.510574340820312 0.0846853107213974 -0.0709032341837883 0.001818495918996632 0.0004544606199488044 -0.005826003849506378 0.9999813437461853
30.018014907836914 0.08451960235834122 -0.07080969959497452 0.002097283722832799 -3.8443704397650436e-05 -0.004758097697049379 0.999986469745636
30.62017059326172 0.08573897182941437 -0.07119948416948318 0.002156655304133892 -0.00011541763524292037 -0.00311276875436306 0.999992847442627
31.16534996032715 0.08798261731863022 -0.07170424610376358 0.002178908558562398 -0.00024536362616345286 -0.001120990258641541 0.9999970197677612
31.71379852294922 0.09218867868185043 -0.07571306824684143 0.0025238858070224524 -0.00046857158304192126 0.000992632587440312 0.9999962449073792
32.2585334777832 0.10546757280826569 -0.07745013386011124 0.002376370830461383 -0.0005286238738335669 0.003071110462769866 0.9999923706054688
32.84785079956055 0.11621291190385818 -0.07900122553110123 0.0017352188006043434 -0.0009603606886230409 0.005376906134188175 0.9999836087226868
33.28468704223633 0.13405431807041168 -0.07668572664260864 0.0014811040600761771 -0.0010038303444162011 0.006570716388523579 0.9999768733978271
33.908226013183594 0.14985254406929016 -0.07748155295848846 0.0015604478539898992 -0.0008090554620139301 0.008614092133939266 0.9999613761901855
34.49986267089844 0.16250638663768768 -0.07962043583393097 0.0017552328063175082 -0.0008974915253929794 0.0100217554718256 0.9999478459358215
35.09149932861328 0.18378125131130219 -0.0792236179113388 0.0017760018818080425 -0.0010226039448753 0.011024427600204945 0.999937117099762
35.63703536987305 0.20311090350151062 -0.0801657885313034 0.0014682316686958075 -0.000998675124719739 0.012147449888288975 0.9999246597290039
36.22610855102539 0.22001872956752777 -0.07966051250696182 0.0016462516505271196 -0.0013082893565297127 0.013084415346384048 0.9999122023582458
36.79330062866211 0.24070870876312256 -0.08171389997005463 0.0017643815372139215 -0.0016865817597135901 0.013931335881352425 0.9998999834060669
37.379844665527344 0.26095086336135864 -0.07795219868421555 0.001996284117922187 -0.00172252650372684 0.014424552209675312 0.99989253282547
37.94954299926758 0.27848127484321594 -0.07427658885717392 0.0024314855691045523 -0.001282984740100801 0.01514903549104929 0.9998815059661865
38.539459228515625 0.30025824904441833 -0.07746442407369614 0.002805541269481182 -0.0008247129153460264 0.01575281098484993 0.9998716711997986
39.11205291748047 0.3233504891395569 -0.07808956503868103 0.002804752206429839 -0.0008357857586815953 0.01628476195037365 0.9998631477355957
39.69826889038086 0.34862589836120605 -0.07949706166982651 0.002594448160380125 -0.0008353181765414774 0.01682269759476185 0.9998548030853271
40.29521560668945 0.3774746060371399 -0.07859824597835541 0.002179705072194338 -0.0008710725815035403 0.017285672947764397 0.9998478889465332
40.88511657714844 0.39977332949638367 -0.08093107491731644 0.002029922790825367 -0.000863649882376194 0.01823161542415619 0.9998313784599304
41.48046875 0.4282273054122925 -0.07800069451332092 0.0018618203466758132 -0.000649823050480336 0.0187994297593832 0.9998213648796082
42.0777587890625 0.4611687958240509 -0.0807509645819664 0.0015289561124518514 -0.00032184203155338764 0.019484682008624077 0.9998089671134949
42.67919921875 0.4929100573062897 -0.08206918090581894 0.0010084243258461356 -5.2701721870107576e-05 0.02022860385477543 0.9997949004173279
43.27763366699219 0.5221376419067383 -0.08654514700174332 0.0007578309741802514 -4.816088039660826e-05 0.020966438576579094 0.9997799396514893
43.88471984863281 0.5530206561088562 -0.08751838654279709 0.0006661030929535627 -0.00010913989535765722 0.021565428003668785 0.9997672438621521
44.50141525268555 0.5853031873703003 -0.0892975702881813 0.0004869221884291619 0.00012224040983710438 0.022069256752729416 0.999756395816803
45.113563537597656 0.6238411664962769 -0.09269075095653534 2.675823816389311e-05 0.00012714203330688179 0.022369179874658585 0.9997497797012329
45.736141204833984 0.654917299747467 -0.09503788501024246 -0.0004038355255033821 0.0002982321020681411 0.022488955408334732 0.9997469782829285
46.34355926513672 0.6858192682266235 -0.09709689021110535 -0.0007678561378270388 0.0003126954543404281 0.022510718554258347 0.9997462630271912
46.98734664916992 0.7171935439109802 -0.09985373169183731 -0.0007145897252485156 0.0003408561460673809 0.022398585453629494 0.9997488260269165
47.6153564453125 0.7508436441421509 -0.10271281749010086 -0.0005672511761076748 0.0003753772471100092 0.02222943864762783 0.9997527003288269
48.23334503173828 0.7786758542060852 -0.10647222399711609 -0.0007142703398130834 0.0004662232822738588 0.02221166528761387 0.999752938747406
48.859771728515625 0.8163273334503174 -0.110179103910923 -0.0012899530120193958 0.000564525427762419 0.022039290517568588 0.9997561573982239
49.535011291503906 0.8530822992324829 -0.11461715400218964 -0.0018752339528873563 0.0005672308034263551 0.021966388449072838 0.9997568130493164
50.16133117675781 0.8830748796463013 -0.11826568841934204 -0.0023001653607934713 0.0005716742598451674 0.02161482907831669 0.9997636079788208
50.87645721435547 0.9170151948928833 -0.12164866179227829 -0.002822993090376258 0.0005434415070340037 0.020963631570339203 0.9997761249542236
51.351627349853516 0.9436153769493103 -0.12303052097558975 -0.0030814558267593384 0.0005301737692207098 0.020497813820838928 0.9997850060462952
52.12868881225586 0.9755701422691345 -0.12497077137231827 -0.00309371342882514 0.0005524215521290898 0.019654784351587296 0.9998019337654114
52.774959564208984 1.0043377876281738 -0.1294122040271759 -0.003287495579570532 0.0007241728599183261 0.018895070999860764 0.999815821647644
53.45927047729492 1.0307338237762451 -0.13313134014606476 -0.003507676301524043 0.0007193295168690383 0.018080249428749084 0.9998301863670349
54.088523864746094 1.0609655380249023 -0.13659535348415375 -0.003678577020764351 0.0005585597245953977 0.017136480659246445 0.9998462796211243
54.89897918701172 1.0834636688232422 -0.14238548278808594 -0.003585236147046089 9.346382285002619e-05 0.016203265637159348 0.9998623132705688
55.36679458618164 1.1043468713760376 -0.14382566511631012 -0.0034779671113938093 -0.000327325047692284 0.015583109110593796 0.9998725056648254
56.16097640991211 1.1320141553878784 -0.14554433524608612 -0.0035175697412341833 -0.0006506649078801274 0.014589359983801842 0.9998871684074402
56.80431365966797 1.15011727809906 -0.14655542373657227 -0.003526092506945133 -0.0007234868244268 0.01389338169246912 0.9998970031738281
57.5125846862793 1.172511339187622 -0.14578065276145935 -0.00358314230106771 -0.0005173222743906081 0.012982248328626156 0.9999092221260071
58.18436050415039 1.1937860250473022 -0.15005801618099213 -0.0035709175281226635 -0.00030993373366072774 0.012065310031175613 0.9999207854270935
58.900787353515625 1.2106666564941406 -0.14957673847675323 -0.003520506899803877 -0.00022909157269168645 0.011189158074557781 0.9999312162399292
59.93461608886719 1.2298015356063843 -0.15144413709640503 -0.003467179136350751 -4.408670065458864e-05 0.009933765046298504 0.9999446272850037
60.2984733581543 1.2414628267288208 -0.15425249934196472 -0.0034091754350811243 0.00023566426534671336 0.009525381028652191 0.9999487996101379
60.98667907714844 1.257311463356018 -0.1550355702638626 -0.0032201488502323627 0.0006680157966911793 0.008732199668884277 0.999956488609314
61.92959976196289 1.2727975845336914 -0.15985353291034698 -0.0030226269736886024 0.0009619139600545168 0.007522157393395901 0.9999666810035706
62.40439987182617 1.2788175344467163 -0.1620098501443863 -0.0028948418330401182 0.0012561578769236803 0.007039662916213274 0.9999702572822571
63.145084381103516 1.2863210439682007 -0.16666772961616516 -0.002598605817183852 0.00140660023316741 0.006260066758841276 0.9999760985374451
64.07914733886719 1.3016406297683716 -0.1737975925207138 -0.002160112140700221 0.0013700088020414114 0.0054483311250805855 0.9999819397926331
64.5915298461914 1.3100125789642334 -0.177576944231987 -0.0014790076529607177 0.0012560170143842697 0.005279757548123598 0.9999842047691345
65.26203918457031 1.3192487955093384 -0.18226507306098938 -0.0011321866186335683 0.0010462300851941109 0.005281203426420689 0.999984860420227
66.31573486328125 1.3339182138442993 -0.18760906159877777 -0.0010841169860213995 0.0008411087328568101 0.005201401188969612 0.9999855160713196
66.71186828613281 1.3497827053070068 -0.19027914106845856 -0.0009704048279672861 0.0006948270602151752 0.005148694850504398 0.9999860525131226
67.48290252685547 1.3554593324661255 -0.194081649184227 -0.00099867710378021 0.0005229567177593708 0.005182734224945307 0.999985933303833
68.48059844970703 1.3713018894195557 -0.19610477983951569 -0.0008753777947276831 0.0005765104433521628 0.005194638390094042 0.9999859929084778
68.93988037109375 1.378865122795105 -0.19726943969726562 -0.0005551882786676288 0.0008765512611716986 0.0052854083478450775 0.9999855160713196
69.72069549560547 1.388651728630066 -0.2012353241443634 0.00013746501645073295 0.0012482532765716314 0.005125237163156271 0.9999861121177673
70.72552490234375 1.3945653438568115 -0.2092505395412445 0.0008303433423861861 0.0013600433012470603 0.00509302131831646 0.9999857544898987
71.37843322753906 1.411529302597046 -0.21486806869506836 0.0006463318131864071 0.0010112710297107697 0.00482161296531558 0.9999876618385315
71.87081909179688 1.4219571352005005 -0.22190731763839722 0.0002885460271500051 0.00013586397108156234 0.005058335606008768 0.9999871850013733
72.99771118164062 1.4353644847869873 -0.22327958047389984 -0.000149980463902466 -0.0007046365062706172 0.005319154821336269 0.9999856352806091
73.50520324707031 1.4508649110794067 -0.2230057418346405 -0.0005340712377801538 -0.001072546700015664 0.00546307535842061 0.9999843835830688
74.16085815429688 1.467185139656067 -0.221586212515831 -0.0009254398173652589 -0.0007105801487341523 0.0056344992481172085 0.9999834895133972
75.30078887939453 1.4849449396133423 -0.223026841878891 -0.0014666173374280334 5.003708429285325e-05 0.005742499604821205 0.999982476234436
75.79335021972656 1.4939789772033691 -0.22472554445266724 -0.0020738779567182064 0.0007990717422217131 0.005849216133356094 0.9999804496765137
76.6067886352539 1.512101650238037 -0.23010247945785522 -0.0024922096636146307 0.0013361687306314707 0.005783681757748127 0.9999793171882629
77.62577819824219 1.5263789892196655 -0.23575057089328766 -0.002714791102334857 0.0015593374846503139 0.005711615551263094 0.9999788403511047
78.1586685180664 1.5364408493041992 -0.23969170451164246 -0.0025706696324050426 0.0016203026752918959 0.005618538707494736 0.9999796152114868
78.92627716064453 1.5525988340377808 -0.2440871000289917 -0.0024383515119552612 0.0015093344263732433 0.005339121911674738 0.9999816417694092
80.0001449584961 1.5577670335769653 -0.24960967898368835 -0.0023329644463956356 0.0015331805916503072 0.0052301823161542416 0.999982476234436
80.50279998779297 1.573764681816101 -0.2553359270095825 -0.0023953523486852646 0.001445798552595079 0.00509365601465106 0.9999831318855286
81.32475280761719 1.5841100215911865 -0.26052775979042053 -0.002415105700492859 0.0011633820831775665 0.004966985434293747 0.999984085559845
82.38079833984375 1.5948066711425781 -0.26643186807632446 -0.0022594232577830553 0.0008632043609395623 0.004769389983266592 0.9999856948852539
82.94921875 1.6058871746063232 -0.26941487193107605 -0.0022864602506160736 0.0005661710747517645 0.004693334456533194 0.9999862313270569
83.6866455078125 1.611019492149353 -0.2711222469806671 -0.0021125664934515953 0.0004581020912155509 0.004678178112953901 0.9999867677688599
84.78810119628906 1.629614233970642 -0.27393266558647156 -0.0018794577335938811 0.00043316069059073925 0.004350780043751001 0.9999886751174927
85.33092498779297 1.6386090517044067 -0.27676495909690857 -0.001805360079742968 0.0004181404656264931 0.00415996415540576 0.9999896287918091
86.14501190185547 1.646130084991455 -0.27860158681869507 -0.0017594847595319152 0.00068598089274019 0.004076643846929073 0.999989926815033
87.22683715820312 1.6674492359161377 -0.28242287039756775 -0.0017751576378941536 0.000990624655969441 0.004066426772624254 0.9999896883964539
87.74839782714844 1.6653413772583008 -0.2842082381248474 -0.0014444662956520915 0.0013255622470751405 0.003725046291947365 0.9999911785125732
88.5490951538086 1.6783013343811035 -0.28782397508621216 -0.001300770789384842 0.0015954325208440423 0.003518462646752596 0.9999917149543762
89.63324737548828 1.6874785423278809 -0.2935488820075989 -0.0010521741351112723 0.0019307048059999943 0.0035134553909301758 0.9999913573265076
90.19235229492188 1.6919445991516113 -0.29813531041145325 -0.0007826594519428909 0.002294313395395875 0.00336618279106915 0.9999914765357971
91.05040740966797 1.7004435062408447 -0.304842472076416 -0.0006352373166009784 0.0024518175050616264 0.003097779117524624 0.9999920725822449
92.07803344726562 1.7085199356079102 -0.31241363286972046 -0.000464057142380625 0.0024373731575906277 0.0029127749148756266 0.9999927282333374
92.66384887695312 1.718392252922058 -0.31849223375320435 -0.0004297992854844779 0.0021434463560581207 0.0027990792877972126 0.9999937415122986
93.45623016357422 1.7252856492996216 -0.3260268568992615 -0.0002087314351228997 0.0017314947908744216 0.0026911364402621984 0.9999948740005493
94.5881118774414 1.7371952533721924 -0.3313504457473755 -0.0005038093659095466 0.0012073988327756524 0.0023689817171543837 0.9999963641166687
95.09485626220703 1.7443901300430298 -0.33496519923210144 -0.0009084043558686972 0.000722888857126236 0.002421783981844783 0.9999964237213135
95.96524810791016 1.7564692497253418 -0.33894145488739014 -0.0016115369508042932 0.0004067255067639053 0.002136855386197567 0.9999963641166687
97.05715942382812 1.763878345489502 -0.3341928720474243 -0.0018072928069159389 0.0004105000407435 0.0020431752782315016 0.9999961853027344
97.5981674194336 1.7765083312988281 -0.3384998142719269 -0.0014807067345827818 0.0008533900254406035 0.0019144766265526414 0.9999967217445374
98.41223907470703 1.7889724969863892 -0.34174859523773193 -0.0018192969728261232 0.0009350031614303589 0.0016034801956266165 0.9999966025352478
99.53426361083984 1.7834062576293945 -0.33860188722610474 -0.00229622982442379 0.0011829264694824815 0.0013432159321382642 0.9999958276748657
100.10244750976562 1.806904673576355 -0.34281450510025024 -0.0021013098303228617 0.0015809970209375024 0.0010505369864404202 0.9999960064888
100.95948791503906 1.7988171577453613 -0.34363695979118347 -0.001928852521814406 0.0020414087921380997 0.0011967089958488941 0.9999953508377075
102.01728057861328 1.8038779497146606 -0.3484332859516144 -0.0020135093946009874 0.002515464322641492 0.0007930051651783288 0.9999945163726807
102.55113220214844 1.8122955560684204 -0.3507852554321289 -0.0020202575251460075 0.002679737051948905 0.000758033012971282 0.9999940991401672
103.33190155029297 1.8212546110153198 -0.3501325845718384 -0.001812091446481645 0.003259620862081647 0.0005533038638532162 0.9999929070472717
104.47178649902344 1.8215527534484863 -0.35721153020858765 -0.0014740718761458993 0.004391631577163935 0.00042561610462144017 0.9999892115592957
104.96696472167969 1.8267699480056763 -0.36483219265937805 -0.0011172830127179623 0.005197717342525721 0.0004167981678619981 0.9999858140945435
105.80626678466797 1.8328269720077515 -0.38370996713638306 -0.0009880444267764688 0.0047125183045864105 0.0005857371725142002 0.9999882578849792
106.82969665527344 1.8387659788131714 -0.3934698700904846 -0.0008434742921963334 0.002693856367841363 0.0009407097822986543 0.9999955892562866
107.4118423461914 1.8557652235031128 -0.39336836338043213 -0.00021397069212980568 0.0014467036817222834 0.0009506527567282319 0.9999985098838806
108.17076873779297 1.8546032905578613 -0.3897207975387573 0.00023897715436760336 0.0016142389504238963 0.0015506221679970622 0.9999974966049194
109.2582015991211 1.8742175102233887 -0.3900492787361145 0.0005830314476042986 0.0026355155277997255 0.0018118815496563911 0.999994695186615
109.77580261230469 1.8722413778305054 -0.39445802569389343 0.0005924104480072856 0.003234325675293803 0.002004805952310562 0.9999926090240479
110.57228088378906 1.891819953918457 -0.4010043144226074 5.4399610235122964e-05 0.0034328559413552284 0.0018643769435584545 0.9999923706054688
111.59535217285156 1.889204740524292 -0.40845322608947754 -0.0003511696995701641 0.003605206962674856 0.0016832040855661035 0.9999920129776001
112.14401245117188 1.8997191190719604 -0.4135068655014038 -0.0006286960560828447 0.0037082175258547068 0.001387371332384646 0.9999919533729553
112.87578582763672 1.8996026515960693 -0.4196617901325226 -0.0008166379993781447 0.003434149781242013 0.0013259128900244832 0.9999929070472717
113.94121551513672 1.9117207527160645 -0.4277122914791107 -0.000971507397480309 0.00316133676096797 0.0005319903139024973 0.9999943971633911
114.44900512695312 1.9164625406265259 -0.43148842453956604 -0.0010766853811219335 0.0030100177973508835 0.00045640452299267054 0.9999948143959045
115.24165344238281 1.928836703300476 -0.43519869446754456 -0.0013758656568825245 0.0031668124720454216 -0.00012276938650757074 0.9999940395355225
116.22933959960938 1.9172725677490234 -0.44200655817985535 -0.0014197557466104627 0.003194562392309308 -0.0005642686155624688 0.9999937415122986
116.77105712890625 1.9293832778930664 -0.44534265995025635 -0.0011553624644875526 0.0030974294058978558 -0.0007935153553262353 0.9999942183494568
117.53245544433594 1.9315056800842285 -0.4521017372608185 -0.0012530363164842129 0.0030900498386472464 -0.0010856937151402235 0.9999938607215881
118.56967163085938 1.933756947517395 -0.45953989028930664 -0.0012542103650048375 0.0028686567675322294 -0.0017196635017171502 0.999993622303009
119.0615463256836 1.9366496801376343 -0.463920921087265 -0.0013017295859754086 0.0026190641801804304 -0.0018427263712510467 0.9999940395355225
119.82684326171875 1.9350849390029907 -0.4665861427783966 -0.001243801787495613 0.0025027149822562933 -0.0022121232468634844 0.9999936819076538
120.83358001708984 1.9350013732910156 -0.47373706102371216 -0.0011447654105722904 0.0024716260377317667 -0.0024237618781626225 0.9999933838844299
121.34765625 1.9410011768341064 -0.47683942317962646 -0.0011113736545667052 0.0025410193484276533 -0.002993699163198471 0.9999917149543762
122.09810638427734 1.940104365348816 -0.48179203271865845 -0.0008304250077344477 0.002534933155402541 -0.0030849131289869547 0.9999917149543762
123.1121597290039 1.9368884563446045 -0.48666974902153015 -0.0003811371570918709 0.0025641003157943487 -0.00347386603243649 0.9999906420707703
123.60686492919922 1.9327378273010254 -0.49243924021720886 -0.0005633726832456887 0.002223326126113534 -0.003686761250719428 0.9999905824661255
124.38612365722656 1.9296832084655762 -0.4926489293575287 -0.0008098295074887574 0.0017967404564842582 -0.0038851958233863115 0.9999905228614807
125.37649536132812 1.9311463832855225 -0.49678879976272583 -8.962906576925889e-05 0.001710910932160914 -0.0035998334642499685 0.9999920725822449
125.87753295898438 1.9315733909606934 -0.4981136918067932 0.0005119614652357996 0.002189092803746462 -0.003418996697291732 0.9999916553497314
126.6440200805664 1.9259543418884277 -0.5018106698989868 0.0005770208081230521 0.0032762987539172173 -0.003255299059674144 0.9999891519546509
127.70587921142578 1.9347704648971558 -0.5094375610351562 0.00040978618199005723 0.004205129574984312 -0.0034215201158076525 0.9999852180480957
128.02919006347656 1.9265217781066895 -0.515454888343811 0.0008625866030342877 0.004340345039963722 -0.00378432753495872 0.9999830722808838
128.9274139404297 1.9255589246749878 -0.5261207222938538 0.001412197481840849 0.0037455710116773844 -0.003249864326789975 0.9999867677688599
129.92808532714844 1.9254734516143799 -0.5323587656021118 0.0018628444522619247 0.003242882899940014 -0.0033376466017216444 0.9999874830245972
130.4326171875 1.926536202430725 -0.5365513563156128 0.002448677085340023 0.00309483939781785 -0.0036055876407772303 0.9999857544898987
131.1505126953125 1.9283058643341064 -0.5432551503181458 0.003231831593438983 0.0031679950188845396 -0.0036011082120239735 0.9999833106994629
132.2290496826172 1.9192763566970825 -0.5457822680473328 0.004119532648473978 0.003380663227289915 -0.0034313213545829058 0.9999799132347107
132.670654296875 1.9184597730636597 -0.5551270246505737 0.0055135744623839855 0.003418046748265624 -0.0034887727815657854 0.9999728798866272
133.47268676757812 1.9173226356506348 -0.5648898482322693 0.005801429972052574 0.003047957317903638 -0.002958576427772641 0.9999741911888123
134.4639892578125 1.9121718406677246 -0.5773522853851318 0.005413620732724667 0.0021203123033046722 -0.0021758717484772205 0.9999807476997375
134.96656799316406 1.9264854192733765 -0.57365483045578 0.004699723795056343 0.0010668947361409664 -0.001262214034795761 0.9999876022338867
135.6925506591797 1.9326084852218628 -0.5707172155380249 0.005876241251826286 0.0014488305896520615 -0.00018326578720007092 0.999981701374054
136.71705627441406 1.9346654415130615 -0.575234591960907 0.006527889519929886 0.0023149854969233274 0.0021427152678370476 0.9999737739562988
137.24700927734375 1.946047306060791 -0.5792473554611206 0.005592419300228357 0.002931126393377781 0.0028615687042474747 0.9999760389328003
137.94993591308594 1.9598890542984009 -0.5905941724777222 0.0041858116164803505 0.0029580879490822554 0.0040907771326601505 0.9999785423278809
139.0191192626953 1.9878114461898804 -0.5934478640556335 0.0038608217146247625 0.0026363960932940245 0.006827281787991524 0.9999657273292542
139.47877502441406 2.000445604324341 -0.602002739906311 0.004613460041582584 0.002422282937914133 0.007756125181913376 0.9999564290046692
140.23300170898438 2.015850067138672 -0.6022088527679443 0.004778571426868439 0.002396762603893876 0.009419363923370838 0.9999414086341858
141.3108367919922 2.0435421466827393 -0.6158903241157532 0.0043215020559728146 0.002403189428150654 0.011729775927960873 0.999919056892395
141.7875518798828 2.064207077026367 -0.6168147325515747 0.003591168439015746 0.0022258413955569267 0.012928532436490059 0.9999075531959534
142.5530548095703 2.108883857727051 -0.6231554746627808 0.0029744338244199753 0.0022124063689261675 0.01432550884783268 0.9998905062675476
143.59947204589844 2.1394600868225098 -0.6296684145927429 0.0024657701142132282 0.0017916724318638444 0.01685124635696411 0.9998534321784973
144.0821075439453 2.1725974082946777 -0.6314700245857239 0.0019690238405019045 0.0018904325552284718 0.01763843558728695 0.9998407959938049
144.86581420898438 2.2068769931793213 -0.637464702129364 0.0006796115776523948 0.0016548215644434094 0.01895635947585106 0.9998186826705933
145.9381866455078 2.2575790882110596 -0.6399298906326294 -0.0006818319670855999 0.0017648610519245267 0.020221581682562828 0.9997937083244324
146.3856964111328 2.2825605869293213 -0.6435348391532898 -0.0013302548322826624 0.0019423948833718896 0.02085660770535469 0.9997797012329102
147.20709228515625 2.3296663761138916 -0.6493446230888367 -0.0014182890299707651 0.0023198274429887533 0.02154068648815155 0.9997642636299133
148.24407958984375 2.3781373500823975 -0.6561775803565979 -0.0019645802676677704 0.002674840157851577 0.021854965016245842 0.9997556805610657
148.76194763183594 2.4103057384490967 -0.6637174487113953 -0.002600491978228092 0.0029428876005113125 0.0215150099247694 0.9997608065605164
149.53260803222656 2.4440712928771973 -0.6709012389183044 -0.0027453643269836903 0.0029013673774898052 0.02096838504076004 0.9997721910476685
150.46902465820312 2.4878594875335693 -0.6779174208641052 -0.0027570370584726334 0.0028625859413295984 0.019975269213318825 0.9997926354408264
151.08912658691406 2.5158989429473877 -0.6845350861549377 -0.0024654287844896317 0.0028231856413185596 0.01920510269701481 0.9998084902763367
152.00682067871094 2.5479679107666016 -0.6911213397979736 -0.0025001955218613148 0.0029426959808915854 0.01807391457259655 0.9998292326927185
152.92784118652344 2.5813324451446533 -0.6992948055267334 -0.0023172874934971333 0.002940105739980936 0.0171903558075428 0.9998452663421631
153.48965454101562 2.609884738922119 -0.7049562335014343 -0.002114676870405674 0.0027852458879351616 0.016401218250393867 0.9998594522476196
154.27650451660156 2.633220672607422 -0.7147008776664734 -0.0015921883750706911 0.002500683069229126 0.015714595094323158 0.9998721480369568
155.33128356933594 2.6661159992218018 -0.7193894386291504 -0.0012751816539093852 0.002259989734739065 0.014840928837656975 0.9998865723609924
155.8577423095703 2.6916308403015137 -0.7230920791625977 -0.001841485733166337 0.001834469847381115 0.014325231313705444 0.9998940229415894
156.66159057617188 2.7212510108947754 -0.7245814800262451 -0.0027482155710458755 0.0015821567503735423 0.013702794909477234 0.9999011158943176
157.71556091308594 2.7472658157348633 -0.7305055260658264 -0.0022202504333108664 0.0021913147065788507 0.013617193326354027 0.9999024868011475
158.27984619140625 2.769409418106079 -0.7356313467025757 -0.001413588528521359 0.003311484819278121 0.013483078218996525 0.9999026656150818
159.04124450683594 2.7938084602355957 -0.7423582077026367 -0.0021102838218212128 0.003979064989835024 0.013237697072327137 0.9999023079872131
160.1608428955078 2.8295576572418213 -0.7550623416900635 -0.0030292682349681854 0.0038025786634534597 0.012979790568351746 0.9999039769172668
160.6624298095703 2.8458504676818848 -0.7635199427604675 -0.0027693305164575577 0.0028534301090985537 0.013076789677143097 0.999906599521637
161.53472900390625 2.8763303756713867 -0.7684571743011475 -0.0024120970629155636 0.002129154046997428 0.012840593233704567 0.999912440776825
162.5390167236328 2.9075088500976562 -0.7750013470649719 -0.002250538906082511 0.0020660124719142914 0.01275367010384798 0.9999140501022339
163.2159881591797 2.9261176586151123 -0.7795118689537048 -0.0023972427006810904 0.002138610929250717 0.012620938010513783 0.9999152421951294
163.7838592529297 2.94857120513916 -0.7830386757850647 -0.0026220798026770353 0.0022217766381800175 0.012669246643781662 0.9999138712882996
165.01512145996094 2.9844558238983154 -0.7913583517074585 -0.002603476867079735 0.002181664574891329 0.012299896217882633 0.9999186396598816
165.53802490234375 3.0038976669311523 -0.7941828370094299 -0.0025165064726024866 0.002228106837719679 0.012303437106311321 0.9999186992645264
166.3533935546875 3.025615930557251 -0.8000108003616333 -0.002463630633428693 0.002329310867935419 0.01220415998250246 0.9999198317527771
167.442138671875 3.054513931274414 -0.8057605028152466 -0.0023314151912927628 0.002534599741920829 0.012052197940647602 0.9999215006828308
168.01394653320312 3.0753326416015625 -0.8097600340843201 -0.0023140273988246918 0.002880650572478771 0.011817499995231628 0.9999234080314636
168.80946350097656 3.095576047897339 -0.8165853023529053 -0.002402879297733307 0.00320785166695714 0.011487116105854511 0.999925971031189
169.94285583496094 3.1213316917419434 -0.824379026889801 -0.0022511312272399664 0.003606615122407675 0.010700272396206856 0.9999337792396545
170.45541381835938 3.1364011764526367 -0.8315076231956482 -0.001918868045322597 0.003868399653583765 0.010402080602943897 0.9999366402626038
171.30410766601562 3.15926456451416 -0.8406883478164673 -0.0017864780966192484 0.003983326256275177 0.009593084454536438 0.9999445080757141
172.40475463867188 3.1815755367279053 -0.8514123558998108 -0.001602320233359933 0.003737096441909671 0.008840392343699932 0.9999527335166931
172.92210388183594 3.1972768306732178 -0.8575232625007629 -0.0015793298371136189 0.0034545231610536575 0.008388557471334934 0.9999576807022095
173.766357421875 3.2129290103912354 -0.8658761978149414 -0.0014779003104194999 0.0032799127511680126 0.007935402914881706 0.9999620318412781
174.94271850585938 3.231363296508789 -0.8757014274597168 -0.0013343780301511288 0.003020709380507469 0.006873283069580793 0.9999709129333496
175.41407775878906 3.247162342071533 -0.8797392845153809 -0.0013056565076112747 0.0028390760999172926 0.00657681655138731 0.999973475933075
176.33505249023438 3.257889986038208 -0.8866413831710815 -0.0012280605733394623 0.0026473100297152996 0.005937293637543917 0.9999781847000122
177.3179168701172 3.274384021759033 -0.8932758569717407 -0.0011736215092241764 0.002524066250771284 0.005236392840743065 0.999982476234436
177.95193481445312 3.2862532138824463 -0.8979045152664185 -0.001122423098422587 0.0024538375437259674 0.004768632352352142 0.9999850392341614
178.81105041503906 3.297173500061035 -0.9038220643997192 -0.0012701944215223193 0.0024011326022446156 0.004189818166196346 0.9999876022338867
179.94435119628906 3.308401346206665 -0.9100381731987 -0.0012254270259290934 0.002440030686557293 0.003341933013871312 0.9999907612800598
180.4618682861328 3.3181192874908447 -0.9136377573013306 -0.0010497125331312418 0.002698902040719986 0.0031178626231849194 0.9999909400939941
181.3260498046875 3.324305295944214 -0.9167343974113464 -0.0010453853756189346 0.003266551299020648 0.0027734278701245785 0.9999902844429016
182.4429473876953 3.3415143489837646 -0.9246910214424133 -0.000970390799921006 0.0037834167014807463 0.0021984807681292295 0.999989926815033
183.05079650878906 3.342634916305542 -0.9288123250007629 -0.001016570720821619 0.004181940574198961 0.001986944116652012 0.9999887943267822
183.8227081298828 3.3529975414276123 -0.9360983967781067 -0.0009829881601035595 0.004522121977061033 0.001632163068279624 0.9999879598617554
184.91957092285156 3.354997396469116 -0.9468919634819031 -0.000876047823112458 0.004759315866976976 0.0010362184839323163 0.999987781047821
185.49290466308594 3.365589141845703 -0.9535972476005554 -0.0007108244462870061 0.004744990728795528 0.000911974289920181 0.9999880790710449
186.34608459472656 3.3682188987731934 -0.9624112248420715 -0.0007049822597764432 0.004427547100931406 0.00037056542350910604 0.9999899864196777
187.42608642578125 3.369861602783203 -0.9714541435241699 -0.0005878674564883113 0.00425422890111804 8.008613804122433e-05 0.9999908208847046
187.96714782714844 3.3792192935943604 -0.9752262234687805 -0.0003896182752214372 0.004304336849600077 -0.000399937154725194 0.9999905824661255
188.77525329589844 3.3783392906188965 -0.9819550514221191 -4.3255171476630494e-05 0.004429134074598551 -0.0005357576883397996 0.9999901056289673
189.85662841796875 3.380504608154297 -0.9932205677032471 0.00024397086235694587 0.00435510091483593 -0.0009682612144388258 0.9999900460243225
190.4096221923828 3.3887500762939453 -0.9967546463012695 0.0006262816023081541 0.0042539071291685104 -0.0007967076380737126 0.9999904632568359
191.23458862304688 3.389650344848633 -1.0049539804458618 0.0010658107930794358 0.004049908835440874 -0.0004149327869527042 0.9999911785125732
192.26504516601562 3.401986598968506 -1.0122207403182983 0.0011095601366832852 0.00407054740935564 0.00034213686012662947 0.9999911189079285
192.8447723388672 3.406027317047119 -1.0163969993591309 0.0008002618560567498 0.004048451315611601 0.0008022874826565385 0.9999911785125732
193.600830078125 3.4141457080841064 -1.0230093002319336 0.0006898948340676725 0.0040042828768491745 0.00126754364464432 0.9999909996986389
194.68385314941406 3.417863130569458 -1.0325102806091309 0.0007083796663209796 0.004091449547559023 0.002309648785740137 0.9999887347221375
195.23789978027344 3.429990768432617 -1.0347983837127686 0.0008389377617277205 0.004234987311065197 0.0026746452786028385 0.9999870657920837
196.01849365234375 3.4417459964752197 -1.04067063331604 0.0007863943465054035 0.004445880651473999 0.003173362696543336 0.9999848008155823
197.070556640625 3.4488048553466797 -1.0504480600357056 0.0008343579829670489 0.004621088970452547 0.0038586596492677927 0.9999815821647644
197.70849609375 3.4624524116516113 -1.0571218729019165 0.000811986974440515 0.0047473907470703125 0.00441094720736146 0.9999787211418152
198.30377197265625 3.47383975982666 -1.062807559967041 0.0008978729019872844 0.004742824472486973 0.004522640723735094 0.9999781847000122
199.40924072265625 3.4901270866394043 -1.0734559297561646 0.0011210670927539468 0.004715718794614077 0.005267128814011812 0.9999744296073914
199.94699096679688 3.5022082328796387 -1.079237461090088 0.0010491180000826716 0.004685764200985432 0.0056814211420714855 0.999972403049469
200.73773193359375 3.5177292823791504 -1.087912917137146 0.000928172841668129 0.0045757289044559 0.006197215057909489 0.9999699592590332
201.78115844726562 3.5371270179748535 -1.096829891204834 0.0007609633030369878 0.0042572771199047565 0.006969528738409281 0.9999664425849915
202.280517578125 3.551551103591919 -1.100770115852356 0.0008096314268186688 0.004096911754459143 0.007463745307177305 0.9999634027481079
203.03359985351562 3.5724995136260986 -1.107677936553955 0.0006923538749106228 0.004068121314048767 0.00787345040589571 0.9999604821205139
204.05052185058594 3.5898349285125732 -1.1155169010162354 0.0004128461005166173 0.0040377043187618256 0.008682015351951122 0.9999540448188782
204.58714294433594 3.610851287841797 -1.1203501224517822 0.00026369179249741137 0.00410386873409152 0.008867612108588219 0.9999521970748901
205.3372039794922 3.6260714530944824 -1.12584388256073 0.00012966121721547097 0.0040279896929860115 0.009183571673929691 0.9999498128890991
206.33091735839844 3.649245500564575 -1.1346317529678345 0.00010361619933973998 0.004017956554889679 0.009166514500975609 0.9999499320983887
206.8795166015625 3.6682851314544678 -1.1396387815475464 0.00028286510496400297 0.004059699364006519 0.009148748591542244 0.9999498724937439
207.5975799560547 3.67761492729187 -1.1432684659957886 0.00017561261483933777 0.004034621641039848 0.00905671063810587 0.9999508261680603
208.63526916503906 3.7009382247924805 -1.1528595685958862 -9.812628150029923e-07 0.004095606971532106 0.00896360632032156 0.9999514818191528
209.0802764892578 3.722599506378174 -1.1575350761413574 -0.0004204078868497163 0.00391925685107708 0.008810282684862614 0.9999534487724304
209.91212463378906 3.7407660484313965 -1.1633789539337158 -0.0009229488205164671 0.00362201570533216 0.008616444654762745 0.999955952167511
210.83555603027344 3.760138511657715 -1.172971248626709 -0.001024449709802866 0.0032233335077762604 0.008365794084966183 0.9999593496322632
211.46788024902344 3.7718751430511475 -1.17658531665802 -0.000393669557524845 0.003139107720926404 0.00832649227231741 0.9999603033065796
211.95811462402344 3.786716938018799 -1.178305983543396 0.00013616005890071392 0.0034194921609014273 0.00827948097139597 0.9999599456787109
213.06240844726562 3.8030524253845215 -1.1854780912399292 0.00034280552063137293 0.0037045509088784456 0.007891091518104076 0.9999620318412781
213.55303955078125 3.8189311027526855 -1.1891587972640991 0.00045950739877298474 0.003822500118985772 0.007653798907995224 0.9999632835388184
214.2762451171875 3.8338680267333984 -1.1965203285217285 0.00018745729175861925 0.003929174970835447 0.007759836036711931 0.9999622106552124
215.2532196044922 3.8492658138275146 -1.2028776407241821 0.00037534008151851594 0.003795178607106209 0.007570311892777681 0.9999640583992004
215.7325439453125 3.8618812561035156 -1.205183744430542 0.0007122542010620236 0.0038866715040057898 0.007522835861891508 0.9999638795852661
216.4624786376953 3.8814432621002197 -1.214040994644165 0.00039298160118050873 0.003901282325387001 0.007347035687416792 0.9999653697013855
217.54161071777344 3.8958325386047363 -1.2204166650772095 -6.342826964100823e-05 0.0036733378656208515 0.007169088814407587 0.999967634677887
217.7792510986328 3.9092354774475098 -1.2229502201080322 3.3824439015006647e-05 0.003411974525079131 0.007426368538290262 0.9999666810035706
218.6588134765625 3.9276554584503174 -1.2294260263442993 0.00016442408377770334 0.003006256651133299 0.007040710654109716 0.9999706745147705
219.57046508789062 3.9398305416107178 -1.2337408065795898 -7.791505595378112e-06 0.00280598271638155 0.007215609308332205 0.999970018863678
220.04022216796875 3.959031343460083 -1.2359658479690552 -0.00018257864576298743 0.0028315777890384197 0.0068756816908717155 0.9999723434448242
220.72401428222656 3.9700865745544434 -1.2389061450958252 -0.0002824075345415622 0.002894682576879859 0.006925666704773903 0.999971866607666
221.6949005126953 3.98260235786438 -1.2449203729629517 -0.00027647140086628497 0.003000434022396803 0.007107518147677183 0.9999702572822571
222.1503448486328 3.9979617595672607 -1.2477145195007324 -0.00034034825512208045 0.003078219946473837 0.006900678854435682 0.9999714493751526
222.83489990234375 4.014550685882568 -1.2513478994369507 -0.00047893953160382807 0.0029256336856633425 0.006802525371313095 0.9999725222587585
223.76385498046875 4.0248565673828125 -1.257240653038025 -0.00028272633790038526 0.002999340184032917 0.006759380456060171 0.9999727010726929
224.2255401611328 4.039892196655273 -1.2611405849456787 -0.00021259364439174533 0.0028417431749403477 0.006639021448791027 0.9999739527702332
224.92587280273438 4.051538467407227 -1.2648799419403076 -0.00044027905096299946 0.0023514789063483477 0.0066595254465937614 0.9999750256538391
225.81529235839844 4.067261695861816 -1.2642343044281006 -0.0003389243793208152 0.0023284947965294123 0.006540887523442507 0.9999759197235107
226.27821350097656 4.0783562660217285 -1.2662253379821777 -9.97013776213862e-05 0.0028456952422857285 0.006489194463938475 0.9999749660491943
226.97647094726562 4.08854341506958 -1.269606351852417 0.00047793821431696415 0.003793989075347781 0.006376560311764479 0.9999723434448242
227.8903350830078 4.101273536682129 -1.2764685153961182 0.00030659273033961654 0.00476247351616621 0.00619172677397728 0.999969482421875
228.44471740722656 4.1117167472839355 -1.2834287881851196 0.00011377153714420274 0.005115961190313101 0.006093916948884726 0.999968409538269
228.8738250732422 4.125901699066162 -1.2902367115020752 3.2222174922935665e-05 0.004863416776061058 0.006023033056408167 0.9999700784683228
229.8944854736328 4.13690710067749 -1.2996047735214233 0.0003007648338098079 0.004389721434563398 0.005816402845084667 0.999973475933075
230.3666229248047 4.145987033843994 -1.3032405376434326 0.0007082359516061842 0.004281328059732914 0.0058295950293540955 0.9999736547470093
230.97532653808594 4.15819787979126 -1.3086977005004883 0.000809052144177258 0.004382164683192968 0.005714501719921827 0.9999738335609436
231.88912963867188 4.170773983001709 -1.3153800964355469 0.0008518241811543703 0.004557622130960226 0.005653736647218466 0.9999733567237854
232.29495239257812 4.180445194244385 -1.320224642753601 0.0007664834847673774 0.004701849073171616 0.0055155628360807896 0.9999734163284302
232.96865844726562 4.194156646728516 -1.3286464214324951 0.0005701007321476936 0.004558137152343988 0.005543217062950134 0.9999741315841675
233.89666748046875 4.208874225616455 -1.3367608785629272 0.0002463978889863938 0.004302473273128271 0.005091105122119188 0.9999778270721436
234.24293518066406 4.2141594886779785 -1.3401885032653809 0.00028050836408510804 0.0040517281740903854 0.005267600528895855 0.9999779462814331
234.93165588378906 4.226436614990234 -1.3454869985580444 0.0002468972816132009 0.0038412734866142273 0.005199856124818325 0.9999791383743286
235.80787658691406 4.236428737640381 -1.3525564670562744 0.00026020282530225813 0.0037833712995052338 0.004973808769136667 0.9999805092811584
236.23516845703125 4.248541355133057 -1.3547639846801758 -2.0929706806782633e-05 0.003893205663189292 0.004904324188828468 0.9999804496765137
236.8603515625 4.258224010467529 -1.3599027395248413 -8.214057743316516e-05 0.004078115802258253 0.004887408576905727 0.9999797940254211
237.7312774658203 4.271630764007568 -1.3678337335586548 -0.0001607473532203585 0.004171594977378845 0.0045760986395180225 0.9999808669090271
238.17869567871094 4.277379512786865 -1.370271921157837 -0.000159508635988459 0.004294503480195999 0.004790319595485926 0.9999793767929077
238.81370544433594 4.288788318634033 -1.3765721321105957 -0.0002166142367059365 0.004497223999351263 0.004664710722863674 0.9999789595603943
239.6398468017578 4.299074649810791 -1.3845165967941284 -0.00021680165082216263 0.004600426647812128 0.004521611146628857 0.9999791383743286
240.04617309570312 4.306247234344482 -1.3861294984817505 -0.00020365968521218747 0.004794903565198183 0.0044302986934781075 0.9999787211418152
240.7227020263672 4.314070701599121 -1.3937017917633057 0.00010576694330666214 0.00494892755523324 0.004611605778336525 0.999977171421051
241.5229034423828 4.328042507171631 -1.401348352432251 0.00031508319079875946 0.00490547763183713 0.0047164056450128555 0.9999767541885376
241.9407501220703 4.337660312652588 -1.4060324430465698 0.0005137001862749457 0.004967644810676575 0.005185525864362717 0.9999741315841675
242.55043029785156 4.347409725189209 -1.4136385917663574 0.000426258600782603 0.004893418401479721 0.005323017947375774 0.9999738335609436
243.4095001220703 4.358474254608154 -1.4214153289794922 0.0006766463629901409 0.004793549422174692 0.00562285166233778 0.9999725222587585
243.78195190429688 4.366706371307373 -1.4221068620681763 0.0010440562618896365 0.004799293354153633 0.0061364262364804745 0.9999691843986511
244.4519500732422 4.3792829513549805 -1.428572654724121 0.0016647465527057648 0.0049201566725969315 0.006963948719203472 0.999962329864502
245.2264404296875 4.397099494934082 -1.4349982738494873 0.001952925231307745 0.0050262208096683025 0.007910829968750477 0.9999542236328125
245.62045288085938 4.409055709838867 -1.436741828918457 0.0022002682089805603 0.005164006724953651 0.008944040164351463 0.9999443292617798
246.2124481201172 4.423562049865723 -1.4416790008544922 0.0025906411465257406 0.005378611385822296 0.01021006889641285 0.9999300837516785
247.00575256347656 4.448458671569824 -1.4491440057754517 0.002618481870740652 0.005584502127021551 0.012452245689928532 0.9999035000801086
247.35989379882812 4.466800689697266 -1.451974630355835 0.0026286120992153883 0.005836728028953075 0.013103630393743515 0.9998937249183655
247.92417907714844 4.486490249633789 -1.4562588930130005 0.0023600351996719837 0.006068754475563765 0.014636529609560966 0.9998717308044434
