0.02534770593047142 -0.003969376906752586 -0.00025009640376083553 2.5490071493550204e-06 -3.3645199437160045e-05 0.0007077209302224219 0.9999997615814209
0.07003090530633926 0.0005110951606184244 -0.0007571452879346907 4.008656105725095e-05 -0.00011552862270036712 0.0008870063466019928 0.9999996423721313
0.08336596935987473 -0.0018991576507687569 -0.002272964920848608 0.00012463415623642504 -0.0003978558233939111 0.001246849074959755 0.9999991655349731
0.12739387154579163 -0.004356103483587503 -0.0025645100977271795 0.00036111820372752845 -0.0008464353741146624 0.0017509538447484374 0.9999980926513672
0.1984635889530182 0.0004980209050700068 -0.0016002451302483678 0.0008074698271229863 -0.0010923657100647688 0.002868953626602888 0.9999949932098389
0.21825650334358215 0.0017680482706055045 -0.0005944100557826459 0.0012471091467887163 -0.001073800609447062 0.0035883430391550064 0.9999922513961792
0.30108219385147095 -0.0018154419958591461 -0.0012478982098400593 0.001579149393364787 -0.0010239474941045046 0.004856610670685768 0.9999864101409912
0.40881863236427307 0.0011449833400547504 -0.0013618188677355647 0.0018265321850776672 -0.001096164807677269 0.00721313850954175 0.9999717473983765
0.4432254135608673 0.00950837042182684 -0.002818151144310832 0.002033407334238291 -0.00122813880443573 0.00856261607259512 0.9999605417251587
0.5401206016540527 0.02038942277431488 -0.004247785545885563 0.0020442327950149775 -0.0014393461169674993 0.011427631601691246 0.9999315738677979
0.670244038105011 0.03260495513677597 -0.0038981533143669367 0.001872633583843708 -0.0015468985075131059 0.015182927250862122 0.9998818039894104
0.752741277217865 0.04234609007835388 -0.0028326997999101877 0.001457624020986259 -0.001397458603605628 0.01788305677473545 0.9998380541801453
0.8502033948898315 0.05214264616370201 -0.0035764644853770733 0.0011448365403339267 -0.001248492393642664 0.02096731960773468 0.9997787475585938
1.0451935529708862 0.0708048939704895 -0.002710196189582348 0.0008326119277626276 -0.0009401255520060658 0.026564009487628937 0.9996463060379028
1.1082019805908203 0.08281455934047699 -0.0017313500866293907 0.0004539707151707262 -0.00037766547757200897 0.028918923810124397 0.9995816349983215
1.260143756866455 0.10035191476345062 3.514704803819768e-05 5.389108628151007e-05 0.00039644879871048033 0.03343862295150757 0.9994407296180725
1.452017903327942 0.12517796456813812 0.001712073921225965 -0.00022486454690806568 0.0013366894563660026 0.03925860673189163 0.9992281794548035
1.5571049451828003 0.1435769647359848 0.0006663837702944875 -0.0005912670167163014 0.002326046582311392 0.04282163828611374 0.9990798830986023
1.6854186058044434 0.17072175443172455 -0.005555993877351284 -0.0010670149931684136 0.0027925262693315744 0.04752308502793312 0.9988656640052795
1.8700896501541138 0.20541533827781677 -0.011153707280755043 -0.0017057164805009961 0.0026676368433982134 0.05522961542010307 0.9984686970710754
1.9588674306869507 0.22766220569610596 -0.012615800835192204 -0.0024726230185478926 0.0022077946923673153 0.059181563556194305 0.9982417225837708
2.1166374683380127 0.2632284164428711 -0.01249796524643898 -0.0031022208277136087 0.001994318561628461 0.06609569489955902 0.9978064894676208
2.3146755695343018 0.3072254955768585 -0.01245169434696436 -0.003868323052302003 0.0022124715615063906 0.07461932301521301 0.9972021579742432
2.4244518280029297 0.3426326513290405 -0.012164999730885029 -0.005161897744983435 0.0028086956590414047 0.0796971544623375 0.9968017935752869
2.58307147026062 0.38584476709365845 -0.014112311415374279 -0.006495234090834856 0.003355075139552355 0.08685929328203201 0.9961937665939331
2.8207244873046875 0.4510326385498047 -0.01942245103418827 -0.00738980108872056 0.003750573145225644 0.0975729376077652 0.9951938986778259
2.9488439559936523 0.510589063167572 -0.01181409228593111 -0.009007396176457405 0.004544445313513279 0.10371147841215134 0.9945563077926636
3.154273509979248 0.595110297203064 -0.004210070241242647 -0.014990493655204773 0.0068385121412575245 0.11376312375068665 0.9933712482452393
3.412590265274048 0.7275541424751282 -0.01183796115219593 -0.02460763230919838 0.010001511313021183 0.12722148001194 0.9915186166763306
3.5421905517578125 0.7908632755279541 -0.012158392928540707 -0.034077905118465424 0.01326939556747675 0.13420072197914124 0.9902791976928711
3.7824866771698 0.8513398766517639 -0.0392797514796257 -0.03270259499549866 0.018515676259994507 0.14576122164726257 0.988605797290802
4.075437068939209 0.9340759515762329 -0.07677280157804489 -0.020390119403600693 0.0242523942142725 0.16029661893844604 0.9865602254867554
4.2542195320129395 0.957071840763092 -0.10041578859090805 -0.004833889659494162 0.02863861620426178 0.16623243689537048 0.9856588244438171
4.485304355621338 1.0601022243499756 -0.09864864498376846 -0.0011817655758932233 0.028483575209975243 0.17817038297653198 0.9835866093635559
4.786377429962158 1.2524621486663818 -0.09698614478111267 -0.0071937693282961845 0.025008581578731537 0.19319435954093933 0.9808153510093689
4.8970947265625 1.366214394569397 -0.08516228944063187 -0.016389010474085808 0.021042879670858383 0.20244815945625305 0.9789296984672546
5.124802589416504 1.489816427230835 -0.09043525904417038 -0.020213022828102112 0.01906806416809559 0.21558094024658203 0.9760905504226685
5.427824974060059 1.6719592809677124 -0.10724806785583496 -0.01875496469438076 0.019059496000409126 0.23309974372386932 0.972085177898407
5.577201843261719 1.7676734924316406 -0.1311160922050476 -0.016333386301994324 0.018167922273278236 0.24158386886119843 0.9700723886489868
5.760563850402832 1.8956689834594727 -0.17946481704711914 -0.016304153949022293 0.012500797398388386 0.25351932644844055 0.967112123966217
6.083991527557373 2.1715385913848877 -0.23068302869796753 -0.015357617288827896 0.0025839267764240503 0.272460013628006 0.9620410799980164
6.212800979614258 2.223996162414551 -0.24562782049179077 -0.009594490751624107 -0.004722998011857271 0.27739498019218445 0.9606964588165283
6.42911958694458 2.3778979778289795 -0.2016734927892685 -0.005072969943284988 -0.00288283359259367 0.2910054624080658 0.9567036032676697
6.744700908660889 2.6212453842163086 -0.17510752379894257 -0.005993790924549103 0.004546011332422495 0.30542945861816406 0.9521849751472473
6.871110439300537 2.7553114891052246 -0.18011771142482758 -0.0076004210859537125 0.009845259599387646 0.31220170855522156 0.9499344825744629
7.084561824798584 2.9416980743408203 -0.19323405623435974 -0.008717537857592106 0.010900652036070824 0.3242795765399933 0.9458582997322083
7.361750602722168 3.2078728675842285 -0.2114124894142151 -0.00811728835105896 0.010550646111369133 0.3407236933708191 0.9400692582130432
7.478493690490723 3.3364202976226807 -0.22203382849693298 -0.0075567071326076984 0.010019822046160698 0.34871670603752136 0.9371442198753357
7.664905548095703 3.528916835784912 -0.23147478699684143 -0.006979645695537329 0.010104832239449024 0.3610477149486542 0.9324665069580078
7.8950371742248535 3.7953081130981445 -0.23928827047348022 -0.006953766569495201 0.010759368538856506 0.3772136867046356 0.9260376691818237
7.999854564666748 3.9302914142608643 -0.23745489120483398 -0.007331867702305317 0.01180973183363676 0.38400131464004517 0.9232279062271118
8.192874908447266 4.150849342346191 -0.23952440917491913 -0.007574594579637051 0.013244337402284145 0.3954688012599945 0.9183527231216431
8.39603328704834 4.418276309967041 -0.25067535042762756 -0.00752923684194684 0.014857017435133457 0.4085284173488617 0.9125936627388
8.497233390808105 4.5560832023620605 -0.25906169414520264 -0.007663529831916094 0.015340998768806458 0.41468602418899536 0.9098029732704163
8.630465507507324 4.738680839538574 -0.26609402894973755 -0.00765751488506794 0.01548685971647501 0.4230167865753174 0.9059571623802185
8.79251480102539 4.965188503265381 -0.27490749955177307 -0.007097005844116211 0.01586308144032955 0.43425968289375305 0.9006201028823853
8.891945838928223 5.115818023681641 -0.28377625346183777 -0.006147118750959635 0.016141539439558983 0.4402504861354828 0.8977088928222656
8.972687721252441 5.241298198699951 -0.2918969690799713 -0.005189491901546717 0.015994396060705185 0.4461880922317505 0.894781231880188
9.113811492919922 5.477290630340576 -0.29946428537368774 -0.005187072791159153 0.015595928765833378 0.4570450186729431 0.8892917037010193
9.179632186889648 5.59693717956543 -0.3019625246524811 -0.005894492845982313 0.01529089268296957 0.4615430533885956 0.8869664669036865
9.253204345703125 5.7333855628967285 -0.305114209651947 -0.006007491145282984 0.015479701571166515 0.467466801404953 0.8838546872138977
9.36075496673584 5.916537284851074 -0.3115701377391815 -0.005486087873578072 0.016264906153082848 0.4753935933113098 0.879605770111084
9.414742469787598 6.003848552703857 -0.3178163468837738 -0.0045115090906620026 0.017101064324378967 0.47879067063331604 0.8777509927749634
9.490439414978027 6.139782428741455 -0.32447952032089233 -0.0035633353982120752 0.0174967423081398 0.48479583859443665 0.8744451403617859
9.562397956848145 6.280953884124756 -0.3296327292919159 -0.0030526742339134216 0.01751917600631714 0.4913490414619446 0.8707812428474426
9.59811019897461 6.362146377563477 -0.33204135298728943 -0.0027725009713321924 0.017515940591692924 0.49536651372909546 0.8685030937194824
9.643375396728516 6.469257831573486 -0.3352513909339905 -0.002600865438580513 0.017607422545552254 0.5007132887840271 0.8654302358627319
9.709633827209473 6.621731281280518 -0.34040704369544983 -0.002349371090531349 0.017751412466168404 0.5094522833824158 0.8603126406669617
9.729927062988281 6.691506385803223 -0.3409229516983032 -0.0024135017301887274 0.017945459112524986 0.5134527683258057 0.8579268455505371
9.771839141845703 6.806378364562988 -0.3442046046257019 -0.0026683195028454065 0.018294645473361015 0.5207616686820984 0.8535019159317017
9.811711311340332 6.938857555389404 -0.3489106595516205 -0.002817292930558324 0.01860996149480343 0.5295500755310059 0.8480699062347412
9.823408126831055 6.993206024169922 -0.352413535118103 -0.0028517076279968023 0.018714386969804764 0.5338225960731506 0.8453846573829651
9.844038009643555 7.068290710449219 -0.35493767261505127 -0.0027859655674546957 0.01868198625743389 0.5387330055236816 0.8422648310661316
9.865347862243652 7.1586995124816895 -0.35707950592041016 -0.002777788555249572 0.01865992322564125 0.5470761656761169 0.8368703126907349
9.875260353088379 7.195733070373535 -0.3592073321342468 -0.002524173352867365 0.01878325454890728 0.5503934621810913 0.8346903324127197
9.886232376098633 7.254788875579834 -0.3616655170917511 -0.002063850173726678 0.01883169636130333 0.5559643507003784 0.8309902548789978
9.90541934967041 7.322357654571533 -0.3643864095211029 -0.0014614630490541458 0.018954386934638023 0.5621918439865112 0.8267882466316223
9.906087875366211 7.350368022918701 -0.365151584148407 -0.0010687725152820349 0.019064951688051224 0.5656324625015259 0.8244364261627197
9.91237735748291 7.410049915313721 -0.36630845069885254 -0.001005268539302051 0.01906653307378292 0.5706510543823242 0.8209705948829651
9.921083450317383 7.475837230682373 -0.36815401911735535 -0.0011046315776184201 0.019012628123164177 0.5768842697143555 0.8166038990020752
9.921838760375977 7.498497009277344 -0.36859554052352905 -0.001221365644596517 0.019020603969693184 0.579764723777771 0.8145609498023987
9.923548698425293 7.554996013641357 -0.3701972961425781 -0.0012897854903712869 0.019047310575842857 0.5847529172897339 0.8109866976737976
9.926884651184082 7.61676549911499 -0.3700594902038574 -0.0016815544804558158 0.01904819719493389 0.5901552438735962 0.8070633411407471
9.929420471191406 7.642746925354004 -0.3701786696910858 -0.0023212938103824854 0.019023576751351357 0.5925448536872864 0.8053094744682312
9.927119255065918 7.666696071624756 -0.3716473877429962 -0.0028309596236795187 0.019003111869096756 0.5945470333099365 0.8038313388824463
9.928352355957031 7.695367336273193 -0.37301957607269287 -0.0029055795166641474 0.018981507048010826 0.597862720489502 0.8013685345649719
9.927470207214355 7.7169270515441895 -0.3737684488296509 -0.0028535376768559217 0.019055331125855446 0.5981245040893555 0.801171600818634
9.938613891601562 7.725266456604004 -0.3736584782600403 -0.002417794894427061 0.019320286810398102 0.5989875793457031 0.8005216121673584
9.945944786071777 7.705866813659668 -0.3759499192237854 -0.0013316103722900152 0.019672006368637085 0.5987850427627563 0.8006671071052551
9.937561988830566 7.700040340423584 -0.37390124797821045 -0.001012875814922154 0.019473770633339882 0.5985600352287292 0.8008406162261963
9.944314956665039 7.705568313598633 -0.3723025918006897 -0.001341462368145585 0.019277308136224747 0.5986807346343994 0.800754725933075
9.93384075164795 7.708090782165527 -0.37406209111213684 -0.0016048409743234515 0.01924297586083412 0.5986520648002625 0.800776481628418
9.939384460449219 7.702083587646484 -0.37367549538612366 -0.0015720730880275369 0.019232679158449173 0.5986498594284058 0.8007784485816956
9.939070701599121 7.698893070220947 -0.3737070560455322 -0.0014406506670638919 0.019348451867699623 0.5986401438713074 0.8007831573486328
9.94029426574707 7.706328868865967 -0.3742297291755676 -0.001433882163837552 0.019330795854330063 0.5986596345901489 0.8007689118385315
9.940068244934082 7.705541610717773 -0.3737240135669708 -0.0014861815143376589 0.01930084638297558 0.5986805558204651 0.8007540106773376
9.940993309020996 7.7009663581848145 -0.37408843636512756 -0.0014735914301127195 0.019324366003274918 0.5986291170120239 0.8007919192314148
9.9420804977417 7.707554340362549 -0.3743220567703247 -0.001446206122636795 0.019328847527503967 0.5986254215240479 0.8007946610450745
9.938709259033203 7.7031049728393555 -0.3738442659378052 -0.0014565079472959042 0.01933077909052372 0.5986155271530151 0.8008019328117371
9.93919563293457 7.7024617195129395 -0.37399721145629883 -0.0014885314740240574 0.019330181181430817 0.5986631512641907 0.8007662892341614
9.937155723571777 7.705488681793213 -0.3737083375453949 -0.0014401853550225496 0.019356193020939827 0.5985985994338989 0.8008139729499817
9.939225196838379 7.705586910247803 -0.3737974464893341 -0.001420808956027031 0.019385961815714836 0.5986620783805847 0.800765872001648
9.941583633422852 7.704295635223389 -0.373645544052124 -0.0013937634648755193 0.019407030194997787 0.5986582040786743 0.8007683157920837
9.941411972045898 7.705042839050293 -0.3734605312347412 -0.0014066922012716532 0.01941896229982376 0.5986275672912598 0.8007909059524536
9.942525863647461 7.7056565284729 -0.37362539768218994 -0.0014021171955391765 0.01943049766123295 0.5986478328704834 0.8007755279541016
9.941582679748535 7.705484390258789 -0.3737013638019562 -0.0014056775253266096 0.019420647993683815 0.5986319184303284 0.800787627696991
9.940996170043945 7.707392692565918 -0.37363284826278687 -0.0013941593933850527 0.019422907382249832 0.5986133813858032 0.8008013963699341
9.940799713134766 7.704930782318115 -0.37366026639938354 -0.0013993897009640932 0.0194187480956316 0.5986418128013611 0.8007802367210388
9.940576553344727 7.704727649688721 -0.3739667534828186 -0.0013967391569167376 0.019426779821515083 0.5986490845680237 0.8007746338844299
9.939693450927734 7.707012176513672 -0.3739040195941925 -0.0014154537348076701 0.01941973716020584 0.5986051559448242 0.8008075952529907
9.940786361694336 7.709681510925293 -0.3738192915916443 -0.0014033352490514517 0.019412444904446602 0.5986437797546387 0.8007789850234985
9.939995765686035 7.7075371742248535 -0.373622864484787 -0.0013759679859504104 0.019413966685533524 0.5986292362213135 0.8007897138595581
9.93996524810791 7.707719802856445 -0.373831182718277 -0.00138858740683645 0.019442282617092133 0.598602294921875 0.8008092641830444
9.939931869506836 7.705704212188721 -0.3737575113773346 -0.0014029903104528785 0.01943531259894371 0.5986159443855286 0.8007991909980774
9.941560745239258 7.708803176879883 -0.3741530179977417 -0.0014096027007326484 0.01943470537662506 0.5986276268959045 0.8007904887199402
9.941396713256836 7.706054210662842 -0.37374046444892883 -0.0013983894605189562 0.019436445087194443 0.5986318588256836 0.8007872700691223
9.940958976745605 7.704375267028809 -0.37361761927604675 -0.0014065764844417572 0.01942450925707817 0.5986238121986389 0.8007935881614685
9.939866065979004 7.706387042999268 -0.3736748695373535 -0.001385715208016336 0.019430838525295258 0.598632276058197 0.8007871508598328
9.940766334533691 7.708515167236328 -0.3742724359035492 -0.001415394595824182 0.019439956173300743 0.5986345410346985 0.8007850646972656
9.940069198608398 7.706781387329102 -0.3741312623023987 -0.0014039637753739953 0.019434867426753044 0.598611056804657 0.8008028864860535
9.939736366271973 7.708183765411377 -0.37423452734947205 -0.0014216372510418296 0.019433682784438133 0.5986089706420898 0.8008044362068176
9.93869400024414 7.710576057434082 -0.37407517433166504 -0.001414411119185388 0.01944417506456375 0.5986118912696838 0.8008018732070923
9.94050121307373 7.709105014801025 -0.3740536868572235 -0.0013789836084470153 0.019435113295912743 0.5986071825027466 0.8008058071136475
9.944185256958008 7.710646629333496 -0.37414413690567017 -0.0013911075657233596 0.01942766085267067 0.598686158657074 0.8007469177246094
9.943269729614258 7.709052085876465 -0.3741380572319031 -0.0013842121697962284 0.019423702731728554 0.5986394882202148 0.800781786441803
9.942097663879395 7.707791805267334 -0.3738061785697937 -0.0013989056460559368 0.019438309594988823 0.5986245274543762 0.8007926940917969
9.940648078918457 7.707328796386719 -0.37382298707962036 -0.0014120014384388924 0.019443517550826073 0.5986171960830688 0.8007980585098267
9.941150665283203 7.706583023071289 -0.373950332403183 -0.0013974177418276668 0.019428130239248276 0.5986499190330505 0.8007739782333374
9.940739631652832 7.706007480621338 -0.37383803725242615 -0.0013787896605208516 0.01943386159837246 0.5986183881759644 0.8007973432540894
9.93966007232666 7.708754539489746 -0.3737384080886841 -0.0013705599121749401 0.019408907741308212 0.5986152291297913 0.8008003234863281
9.939571380615234 7.709596157073975 -0.3741038739681244 -0.0014108913019299507 0.019451159983873367 0.5985970497131348 0.8008129596710205
9.939312934875488 7.709109306335449 -0.3738025426864624 -0.001379872439429164 0.019437337294220924 0.5986227989196777 0.8007939457893372
9.937352180480957 7.709622383117676 -0.37388479709625244 -0.0013968735001981258 0.01944577321410179 0.5985924601554871 0.800816535949707
9.938279151916504 7.708559989929199 -0.37384042143821716 -0.0014055316569283605 0.019441602751612663 0.5986344814300537 0.8007852435112
9.937691688537598 7.707900047302246 -0.374054491519928 -0.0014110098127275705 0.019446928054094315 0.5985962152481079 0.8008135557174683
9.939087867736816 7.704056739807129 -0.373926043510437 -0.0013877538731321692 0.019428346306085587 0.5986239314079285 0.8007933497428894
9.942151069641113 7.702689170837402 -0.37379392981529236 -0.0013944933889433742 0.019443802535533905 0.5986161231994629 0.800798773765564
9.940812110900879 7.708780288696289 -0.37401890754699707 -0.001430722652003169 0.019456038251519203 0.5985984802246094 0.8008116483688354
9.94018840789795 7.707379341125488 -0.3739681541919708 -0.0013912420254200697 0.01943441852927208 0.5986109375953674 0.8008028864860535
9.939753532409668 7.704743385314941 -0.3737903833389282 -0.001400215900503099 0.019428245723247528 0.598597526550293 0.8008130788803101
9.939632415771484 7.709235191345215 -0.3740902245044708 -0.0014183818129822612 0.01942562311887741 0.5986065864562988 0.8008063435554504
9.939470291137695 7.7078142166137695 -0.3741391897201538 -0.0013878255849704146 0.019435646012425423 0.5985991954803467 0.8008117079734802
9.939615249633789 7.709100246429443 -0.37397491931915283 -0.0013895921874791384 0.01943783462047577 0.5986045598983765 0.8008076548576355
9.93951416015625 7.709473133087158 -0.3740447759628296 -0.0013939329655840993 0.019431937485933304 0.5986068844795227 0.8008060455322266
9.94139575958252 7.708410739898682 -0.37427374720573425 -0.0013933402951806784 0.019450513646006584 0.5986178517341614 0.8007974028587341
9.939814567565918 7.704669952392578 -0.37401559948921204 -0.0014065023278817534 0.0194594394415617 0.5985828042030334 0.8008233308792114
9.938243865966797 7.708213806152344 -0.37385717034339905 -0.0014049337478354573 0.01943434402346611 0.598567008972168 0.8008357882499695
9.941426277160645 7.705734729766846 -0.37386035919189453 -0.0013791839592158794 0.019425364211201668 0.5986040234565735 0.800808310508728
9.941033363342285 7.707374572753906 -0.37408965826034546 -0.0013905203668400645 0.01943313330411911 0.598624050617218 0.8007931709289551
9.942426681518555 7.707993984222412 -0.3741355836391449 -0.0013877568999305367 0.01942688785493374 0.5986030101776123 0.8008090853691101
9.94311237335205 7.708943843841553 -0.3742530643939972 -0.0013982035452499986 0.019438089802861214 0.5986205339431763 0.8007956743240356
9.938152313232422 7.707483291625977 -0.373513400554657 -0.0013966308906674385 0.01941877231001854 0.5985977649688721 0.8008131384849548
9.940285682678223 7.709006309509277 -0.37420153617858887 -0.001426267554052174 0.01943046785891056 0.5986056923866272 0.8008068799972534
9.940831184387207 7.708399295806885 -0.3739076852798462 -0.0013875100994482636 0.019447552040219307 0.5986326336860657 0.8007864356040955
9.93831729888916 7.7051920890808105 -0.3739810287952423 -0.0014036605134606361 0.019440466538071632 0.5985846519470215 0.8008224368095398
9.93929386138916 7.708914756774902 -0.3740987181663513 -0.001382998307235539 0.019448688253760338 0.5985903739929199 0.8008179664611816
9.940065383911133 7.706571578979492 -0.37420186400413513 -0.0013835778227075934 0.019433947280049324 0.5985965132713318 0.8008137345314026
9.94108772277832 7.70781946182251 -0.37408554553985596 -0.0014058839296922088 0.01944391056895256 0.598619818687439 0.8007960319519043
9.940975189208984 7.706661224365234 -0.3741041421890259 -0.0014030132442712784 0.019424235448241234 0.5985913276672363 0.8008178472518921
9.939203262329102 7.706432342529297 -0.37391892075538635 -0.001394215039908886 0.0194365493953228 0.5985928773880005 0.8008163571357727
9.942414283752441 7.704367637634277 -0.3737589418888092 -0.0013827054062858224 0.019421445205807686 0.5985977053642273 0.8008131384849548
9.941121101379395 7.707302093505859 -0.37400999665260315 -0.0014135476667433977 0.019447747617959976 0.5986048579216003 0.8008071184158325
9.939663887023926 7.705173015594482 -0.373971551656723 -0.0014055033680051565 0.019449802115559578 0.5986034870147705 0.8008081316947937
9.939550399780273 7.706779479980469 -0.3741939067840576 -0.0014180364087224007 0.019442366436123848 0.598616361618042 0.8007985949516296
9.940430641174316 7.70814847946167 -0.3739643096923828 -0.0013827322982251644 0.019435418769717216 0.5985802412033081 0.8008258938789368
9.937896728515625 7.705904960632324 -0.37401795387268066 -0.0013975590700283647 0.019428161904215813 0.5985942482948303 0.8008155226707458
9.940319061279297 7.7081618309021 -0.37410396337509155 -0.0014105846639722586 0.019442152231931686 0.5986075401306152 0.8008052706718445
9.942085266113281 7.707637310028076 -0.3740996718406677 -0.0014041736721992493 0.019439512863755226 0.5986489057540894 0.8007744550704956
9.939845085144043 7.7089524269104 -0.3742659389972687 -0.0013920459896326065 0.01943814754486084 0.5986063480377197 0.8008062243461609
9.941245079040527 7.708163738250732 -0.3742154538631439 -0.0014074344653636217 0.019441187381744385 0.5986121892929077 0.8008018732070923
9.940740585327148 7.7058024406433105 -0.37400317192077637 -0.001382174319587648 0.019432412460446358 0.5986009240150452 0.8008104562759399
9.94128131866455 7.706268787384033 -0.3742586076259613 -0.0014024663250893354 0.019441131502389908 0.5985914468765259 0.8008173704147339
9.942492485046387 7.707943916320801 -0.3739771246910095 -0.0014061823021620512 0.01944139041006565 0.5986351370811462 0.800784707069397
9.940109252929688 7.709754943847656 -0.3741620182991028 -0.0014007353456690907 0.019460594281554222 0.5986258387565613 0.8007911443710327
9.940619468688965 7.70798397064209 -0.37415850162506104 -0.0014036739012226462 0.019442448392510414 0.5986114740371704 0.8008023500442505
9.940489768981934 7.709156036376953 -0.37412190437316895 -0.00138720846734941 0.019436126574873924 0.5986166596412659 0.8007987141609192
9.940532684326172 7.711119174957275 -0.3741932511329651 -0.0013925099046900868 0.01944190263748169 0.5985990166664124 0.8008116483688354
9.939926147460938 7.705737113952637 -0.37390798330307007 -0.0013796822167932987 0.019428372383117676 0.5985823273658752 0.8008245229721069
9.94076156616211 7.708079814910889 -0.3738660216331482 -0.001402739086188376 0.019431816413998604 0.5986147522926331 0.8008001446723938
9.93913745880127 7.705842018127441 -0.37398096919059753 -0.0014005188131704926 0.019419213756918907 0.5985834002494812 0.8008238673210144
9.94029712677002 7.7082600593566895 -0.3742280602455139 -0.0013770730001851916 0.019426491111516953 0.5986103415489197 0.8008036017417908
9.938627243041992 7.705672740936279 -0.37385252118110657 -0.001386740943416953 0.01944047026336193 0.5985929369926453 0.8008162975311279
9.939199447631836 7.708345413208008 -0.37406018376350403 -0.0013862597988918424 0.019452836364507675 0.5985926985740662 0.8008161783218384
9.941638946533203 7.708705425262451 -0.37431326508522034 -0.0014051755424588919 0.0194377638399601 0.59865403175354 0.80077064037323
9.941218376159668 7.706807613372803 -0.3741954565048218 -0.0014010025188326836 0.01944865845143795 0.5986179113388062 0.8007973432540894
9.93940258026123 7.705381393432617 -0.3741178810596466 -0.0014202309539541602 0.019452575594186783 0.5985814929008484 0.8008245229721069
9.940103530883789 7.704824924468994 -0.37418240308761597 -0.0014150228817015886 0.01946631632745266 0.5986009836196899 0.8008096218109131
9.940409660339355 7.7071661949157715 -0.3741781413555145 -0.0014033685438334942 0.019442277029156685 0.5986096858978271 0.8008037209510803
9.940765380859375 7.7125163078308105 -0.3743027150630951 -0.0014103248249739408 0.01944553107023239 0.5986319780349731 0.8007869124412537
9.941770553588867 7.706047058105469 -0.3743036687374115 -0.0013930442510172725 0.019436921924352646 0.5986408591270447 0.8007805347442627
9.93901538848877 7.704635143280029 -0.3736524283885956 -0.0013947251718491316 0.019432323053479195 0.5985733866691589 0.8008310794830322
9.94019889831543 7.712420463562012 -0.37406882643699646 -0.0014177882112562656 0.019436268135905266 0.5986184477806091 0.8007972240447998
9.939759254455566 7.7082366943359375 -0.37436625361442566 -0.0013906726380810142 0.01944340206682682 0.5986157655715942 0.8007991313934326
9.941041946411133 7.711679458618164 -0.3740650415420532 -0.0014050897443667054 0.01944088190793991 0.598632276058197 0.8007867932319641
9.94109058380127 7.70735502243042 -0.37413543462753296 -0.00141259899828583 0.019445516169071198 0.5986407399177551 0.8007804155349731
9.943973541259766 7.708429336547852 -0.3742990791797638 -0.0013986824778839946 0.019434288144111633 0.5986595749855042 0.8007665872573853
9.939214706420898 7.71014928817749 -0.3742242753505707 -0.0013828297378495336 0.01944829151034355 0.5986289381980896 0.8007891774177551
9.940713882446289 7.7089152336120605 -0.3738589584827423 -0.0013922140933573246 0.019420867785811424 0.5986267924308777 0.8007914423942566
9.93879222869873 7.706450939178467 -0.3739719092845917 -0.001403928967192769 0.019446000456809998 0.5985921621322632 0.8008167147636414
9.939974784851074 7.70643949508667 -0.3743235468864441 -0.0013967601116746664 0.019454102963209152 0.5986220240592957 0.8007941842079163
9.94174575805664 7.71226167678833 -0.3743802011013031 -0.0014268236700445414 0.01944035105407238 0.5986154079437256 0.8007994294166565
9.939604759216309 7.708022594451904 -0.3741630017757416 -0.0014006415149196982 0.019430261105298996 0.5986266732215881 0.800791323184967
9.938626289367676 7.706080436706543 -0.3738265335559845 -0.0013940181815996766 0.019425852224230766 0.5985977649688721 0.8008130192756653
9.939184188842773 7.70928430557251 -0.3742451071739197 -0.0013602490071207285 0.019424432888627052 0.5986034274101257 0.8008089065551758
9.942159652709961 7.7083048820495605 -0.37637028098106384 -0.00117784074973315 0.019375812262296677 0.5987729430198669 0.8006836175918579
9.942911148071289 7.70621919631958 -0.3778138756752014 -0.0008347350521944463 0.019198181107640266 0.5990245938301086 0.8005000948905945
9.943941116333008 7.706916332244873 -0.37985917925834656 -0.00026642950251698494 0.01888895034790039 0.5998882055282593 0.7998608350753784
9.947265625 7.728404521942139 -0.3807309865951538 0.00021398610260803252 0.018589990213513374 0.6009683012962341 0.7990566492080688
9.947282791137695 7.742500305175781 -0.3804926872253418 0.0005627323407679796 0.01843380555510521 0.6030480861663818 0.7974916696548462
9.949935913085938 7.770691394805908 -0.38073664903640747 0.0007613462512381375 0.018385982140898705 0.6055682301521301 0.7955806851387024
9.953417778015137 7.810398578643799 -0.38167887926101685 0.0008826135890558362 0.01850667968392372 0.6088544130325317 0.7930656671524048
9.949195861816406 7.84489631652832 -0.381646990776062 0.0009899933356791735 0.018616411834955215 0.6131043434143066 0.7897820472717285
9.947269439697266 7.8878092765808105 -0.38405781984329224 0.001179130282253027 0.018760358914732933 0.6178685426712036 0.7860568165779114
9.947978019714355 7.960848808288574 -0.3852714002132416 0.0013173092156648636 0.01887161284685135 0.6240977048873901 0.7811173796653748
9.942941665649414 8.031309127807617 -0.3875082731246948 0.001162712462246418 0.018787913024425507 0.6305940747261047 0.7758844494819641
9.936237335205078 8.114212036132812 -0.39040735363960266 0.0006348103052005172 0.018331769853830338 0.6372237205505371 0.7704604864120483
9.92712688446045 8.202680587768555 -0.39202138781547546 -0.00020253968250472099 0.01740971952676773 0.6436895132064819 0.7650887370109558
9.918973922729492 8.299847602844238 -0.39369094371795654 -0.0006675712065771222 0.01690627448260784 0.650229811668396 0.7595492005348206
9.921974182128906 8.412464141845703 -0.3970421552658081 -0.0005238624871708453 0.016897372901439667 0.6556614637374878 0.7548656463623047
9.9299955368042 8.541430473327637 -0.4017007350921631 -3.2625339372316375e-05 0.017297938466072083 0.660852313041687 0.7503166794776917
9.937966346740723 8.678293228149414 -0.4039090871810913 0.00033432678901590407 0.017758818343281746 0.6652429103851318 0.7464157342910767
9.945088386535645 8.832401275634766 -0.4079320430755615 0.0007249179761856794 0.018718086183071136 0.6698228716850281 0.7422846555709839
9.945141792297363 8.978766441345215 -0.41483765840530396 0.0008808092679828405 0.01934271864593029 0.6741138696670532 0.7383736371994019
9.950936317443848 9.163193702697754 -0.4212319850921631 0.0005099627887830138 0.01931978389620781 0.6786304712295532 0.7342255711555481
9.94371223449707 9.33751106262207 -0.42597857117652893 -0.0003858243871945888 0.018760547041893005 0.6823917627334595 0.730745792388916
9.949332237243652 9.51268196105957 -0.428318053483963 -0.0007482937653549016 0.01865868642926216 0.6856092214584351 0.7277302742004395
9.955191612243652 9.707612991333008 -0.43327614665031433 -0.0004885273519903421 0.01911117695271969 0.6879233121871948 0.7255316376686096
9.96402359008789 9.927033424377441 -0.43800002336502075 -4.093212555744685e-05 0.02025887370109558 0.6898179650306702 0.7236994504928589
9.972511291503906 10.138705253601074 -0.4435108006000519 0.00037702854024246335 0.021690448746085167 0.6913141012191772 0.7222287058830261
9.987706184387207 10.378423690795898 -0.45912352204322815 0.0009767180308699608 0.022460229694843292 0.69254469871521 0.7210246920585632
9.987631797790527 10.609859466552734 -0.4719341993331909 0.0016183715779334307 0.02196677401661873 0.6935001015663147 0.7201197743415833
9.991211891174316 10.87533187866211 -0.4787084758281708 0.0016298231203109026 0.020549491047859192 0.6943877935409546 0.7193057537078857
9.995078086853027 11.146893501281738 -0.485085666179657 0.0013892649440094829 0.019628994166851044 0.6953061819076538 0.7184442281723022
9.99705982208252 11.424431800842285 -0.49434763193130493 0.0012150952825322747 0.019561953842639923 0.6956961750984192 0.7180687785148621
10.001113891601562 11.688093185424805 -0.5058318972587585 0.001540051307529211 0.019970064982771873 0.696300745010376 0.7174707055091858
10.006443977355957 12.00996208190918 -0.5134064555168152 0.0019365075277164578 0.020697427913546562 0.6969171762466431 0.7168503403663635
10.017292976379395 12.292478561401367 -0.5236720442771912 0.0024825644213706255 0.022098882123827934 0.6976369023323059 0.7161064147949219
10.029024124145508 12.630203247070312 -0.5418041348457336 0.003061966970562935 0.02269141562283039 0.698130190372467 0.7156045436859131
10.034860610961914 12.955167770385742 -0.5541461110115051 0.0035690264776349068 0.02294423244893551 0.6986284255981445 0.7151078581809998
10.037851333618164 13.305802345275879 -0.5620294213294983 0.00357869453728199 0.023572295904159546 0.6989577412605286 0.7147654891014099
10.045754432678223 13.66264533996582 -0.5717894434928894 0.0030792963225394487 0.02466491051018238 0.699356734752655 0.7143405675888062
10.049300193786621 14.040371894836426 -0.5864056348800659 0.0021787527948617935 0.02567020244896412 0.6995929479598999 0.7140769362449646
10.050607681274414 14.42300033569336 -0.6028614044189453 0.0013399625895544887 0.026331204921007156 0.7000166177749634 0.7136397957801819
10.059328079223633 14.830632209777832 -0.6229904294013977 0.0007614712812937796 0.026299405843019485 0.7004624605178833 0.713204026222229
10.05512523651123 15.209146499633789 -0.6398738026618958 0.0012030798243358731 0.0263116043061018 0.700789749622345 0.7128815650939941
10.064810752868652 15.626069068908691 -0.6499016284942627 0.0012916817795485258 0.026697447523474693 0.7013463377952576 0.7123194932937622
10.065780639648438 16.058147430419922 -0.6710262894630432 0.0006171124987304211 0.027552377432584763 0.7017723917961121 0.7118681073188782
10.066205024719238 16.473880767822266 -0.6957545876502991 0.00044747928041033447 0.027438556775450706 0.7021917700767517 0.7114588618278503
10.070019721984863 16.920940399169922 -0.7177254557609558 0.0007454411243088543 0.026776865124702454 0.7025993466377258 0.7110813856124878
10.07621955871582 17.4658145904541 -0.741891086101532 0.001308848848566413 0.025712313130497932 0.7031808495521545 0.7105446457862854
10.070284843444824 17.8415584564209 -0.7549509406089783 0.0021228024270385504 0.02444014698266983 0.7035559415817261 0.7102164030075073
10.063920021057129 18.34911346435547 -0.7677875757217407 0.0020783748477697372 0.02388903684914112 0.7040178179740906 0.7097774744033813
10.066500663757324 18.977020263671875 -0.7942454218864441 0.0018898607231676579 0.02462984062731266 0.7045594453811646 0.709214985370636
10.065375328063965 19.288066864013672 -0.8138758540153503 0.0017676788847893476 0.025422628968954086 0.7046624422073364 0.7090849876403809
