0.592894971370697 -0.003257507923990488 0.00021424650913104415 -0.0003494186094030738 0.00014286927762441337 0.00020048036822117865 0.9999999403953552
1.389796257019043 0.005052609369158745 0.0008227875805459917 -0.0005485194269567728 0.00039544072933495045 0.0007008706452324986 0.9999995231628418
2.1254498958587646 0.006216459907591343 -0.0015561659820377827 -0.0006385435117408633 0.0005936053348705173 0.0009953000117093325 0.9999991059303284
2.8073606491088867 0.020919477567076683 -0.0035141832195222378 -0.0005634487024508417 0.0003395042731426656 0.0016064728843048215 0.9999985098838806
3.5829951763153076 0.025395696982741356 -0.0023795808665454388 -0.00039071927312761545 0.00027070860960520804 0.0015813112258911133 0.9999986290931702
4.330185413360596 0.029594456776976585 -0.004768585320562124 -0.0004252926737535745 0.00039655971340835094 0.0021595575381070375 0.9999974966049194
5.142268180847168 0.03855656087398529 -0.00467227678745985 -0.00043031745008192956 0.0005226141074672341 0.0024803401902318 0.9999967217445374
5.907022953033447 0.04859950393438339 -0.007526814006268978 -0.00019898659957107157 0.0005185565096326172 0.00285732070915401 0.9999958276748657
6.638916969299316 0.04668809100985527 -0.007324633654206991 9.406616300111637e-05 0.0005802574451081455 0.0032411387655884027 0.9999946355819702
7.215030670166016 0.0734790489077568 -0.008558490313589573 3.2276624551741406e-05 0.0010030041448771954 0.0034382904414087534 0.999993622303009
8.039713859558105 0.08664565533399582 -0.012666267342865467 -5.075446824776009e-05 0.0015678851632401347 0.003689903998747468 0.9999920129776001
8.74341869354248 0.08741267770528793 -0.014505095779895782 -5.321104617905803e-05 0.001804451341740787 0.004063018597662449 0.9999901652336121
9.466943740844727 0.0989355817437172 -0.018266111612319946 0.0001752247626427561 0.001796076656319201 0.004219519905745983 0.9999894499778748
10.317361831665039 0.10589946806430817 -0.022108234465122223 0.00029985769651830196 0.0017061191610991955 0.0044060442596673965 0.999988853931427
10.929564476013184 0.11684919893741608 -0.024422556161880493 0.0003927049692720175 0.0018923244206234813 0.004619618412107229 0.9999874234199524
11.662660598754883 0.12866736948490143 -0.02966272085905075 0.0005969482590444386 0.0018475642427802086 0.004909132607281208 0.9999861121177673
12.393219947814941 0.14102937281131744 -0.037087131291627884 0.0008764194208197296 0.0012548037339001894 0.005009315442293882 0.9999863505363464
13.250042915344238 0.16800065338611603 -0.045193035155534744 -0.0003618286282289773 -0.00039907623431645334 0.0051450966857373714 0.9999865889549255
13.949076652526855 0.17344596982002258 -0.03677879646420479 -0.0010950842406600714 -0.001678585889749229 0.004650311078876257 0.9999872446060181
14.604477882385254 0.16731537878513336 -0.02724040485918522 -0.0003899836156051606 -0.0010834001004695892 0.00413548992946744 0.9999907612800598
15.587072372436523 0.1760398894548416 -0.026311466470360756 0.0007735061808489263 0.0011314983712509274 0.003197064623236656 0.9999939799308777
16.178369522094727 0.18675178289413452 -0.026480143889784813 0.0005162443267181516 0.003929403610527515 0.0023667612113058567 0.99998939037323
16.784584045410156 0.19735462963581085 -0.03851909562945366 -2.7202848286833614e-05 0.005098522175103426 0.0015329368179664016 0.9999858736991882
17.75011444091797 0.20245325565338135 -0.06206599250435829 -0.00048155817785300314 0.0034431167878210545 0.0004591146716848016 0.9999939203262329
18.360992431640625 0.20302149653434753 -0.06443890929222107 -0.0005400512018240988 0.0005424115806818008 0.0002257494197692722 0.9999997615814209
19.057132720947266 0.2121235430240631 -0.058659981936216354 0.00045810843585059047 -0.0007353378459811211 -0.0005288337706588209 0.999999463558197
19.754919052124023 0.20067915320396423 -0.057307351380586624 0.0013640711549669504 -0.00034333622897975147 -0.0007092795567587018 0.9999988079071045
20.503971099853516 0.2165498435497284 -0.051644742488861084 0.0014242648612707853 0.0012507593492045999 -0.0010566262062638998 0.9999976754188538
21.112064361572266 0.21677656471729279 -0.05680567026138306 0.000995206763036549 0.002749766455963254 -0.001189089030958712 0.9999950528144836
22.204980850219727 0.21015141904354095 -0.06617914140224457 0.0010427804663777351 0.0031374015379697084 -0.0008045631111599505 0.9999942779541016
22.568103790283203 0.21569740772247314 -0.06893566250801086 0.0012475340627133846 0.0027952466625720263 -0.0006427281768992543 0.9999951720237732
23.49439239501953 0.21879808604717255 -0.0749964788556099 0.001501354854553938 0.002713416237384081 -5.208361835684627e-05 0.999995231628418
24.290254592895508 0.2295788675546646 -0.0809299498796463 0.0018138948362320662 0.002625035122036934 0.0007710458594374359 0.9999946355819702
24.713254928588867 0.23844461143016815 -0.08444494754076004 0.001945544732734561 0.002142614684998989 0.0013930121203884482 0.9999948740005493
25.481950759887695 0.24621041119098663 -0.08817516267299652 0.00196728203445673 0.0014158430276438594 0.0023829529527574778 0.9999942779541016
26.413511276245117 0.2516053020954132 -0.08989084511995316 0.0020353253930807114 0.0008971131755970418 0.0036547062918543816 0.9999908804893494
27.036298751831055 0.26984158158302307 -0.09088143706321716 0.002280128886923194 0.000469330872874707 0.004429189953953028 0.9999875426292419
27.549226760864258 0.2774125635623932 -0.09129098057746887 0.002328895963728428 0.0003846827894449234 0.005045526660978794 0.9999845623970032
28.555496215820312 0.29389718174934387 -0.09215779602527618 0.00213336618617177 0.00032447167905047536 0.0061720735393464565 0.9999786615371704
29.169925689697266 0.3011099696159363 -0.0914340615272522 0.0018713293829932809 0.0005199895822443068 0.006705254316329956 0.9999756813049316
29.705036163330078 0.3234936594963074 -0.09273063391447067 0.0018582971533760428 0.0007509995484724641 0.007289599627256393 0.9999714493751526
30.650604248046875 0.33966919779777527 -0.0952988937497139 0.0016603460535407066 0.0005942367133684456 0.008172072470188141 0.9999651312828064
31.058563232421875 0.3582329750061035 -0.09471722692251205 0.0011405821423977613 0.0004652109055314213 0.008722665719687939 0.999961256980896
31.945220947265625 0.38009312748908997 -0.09113948047161102 0.0002496629604138434 0.0007473186124116182 0.008951889351010323 0.9999597072601318
32.741817474365234 0.392080694437027 -0.08942308276891708 0.00011659576557576656 0.001785805681720376 0.008825045078992844 0.9999595284461975
33.19253158569336 0.40731680393218994 -0.09280695021152496 -0.0004989225999452174 0.0028075866866856813 0.00888512097299099 0.9999565482139587
34.014156341552734 0.4232676029205322 -0.105647511780262 -0.0003647269040811807 0.0030001685954630375 0.009066484868526459 0.9999544024467468
34.923492431640625 0.4411338269710541 -0.10497943311929703 -0.00017056659271474928 0.0027295320760458708 0.008987481705844402 0.999955952167511
35.22734069824219 0.4531286954879761 -0.10834217816591263 -7.223289867397398e-05 0.0027413242496550083 0.008955718949437141 0.9999561905860901
36.048091888427734 0.47756990790367126 -0.10834625363349915 -0.00020555387891363353 0.0032692020758986473 0.008816760964691639 0.9999557733535767
37.06370544433594 0.4909313917160034 -0.11478652060031891 -0.0005448065930977464 0.004245356656610966 0.009020989760756493 0.9999501705169678
37.1923942565918 0.5032963752746582 -0.11857832968235016 -0.00023031079035717994 0.004275868646800518 0.009021050296723843 0.9999501705169678
38.01338577270508 0.5186520218849182 -0.12394530326128006 1.8633108993526548e-05 0.0033391949255019426 0.009212703444063663 0.9999520182609558
38.7717399597168 0.530732274055481 -0.13130056858062744 0.00043143084621988237 0.0024618960451334715 0.009038652293384075 0.9999560713768005
39.303958892822266 0.5438520908355713 -0.12799270451068878 0.000533095037098974 0.002216471591964364 0.009329242631793022 0.9999539256095886
39.78953552246094 0.5602278709411621 -0.1293487846851349 0.00037666401476599276 0.002787046367302537 0.009468568488955498 0.9999512434005737
40.836753845214844 0.5886771082878113 -0.13416412472724915 0.0001484220556449145 0.003312164917588234 0.010404094122350216 0.9999404549598694
41.076316833496094 0.5984150767326355 -0.13536112010478973 0.00020816097094211727 0.003773028962314129 0.010696426965296268 0.9999356865882874
41.862239837646484 0.6273038983345032 -0.13810449838638306 0.00030999304726719856 0.00429495656862855 0.011362018063664436 0.9999262094497681
42.613304138183594 0.6407110095024109 -0.1427200734615326 0.0003179045161232352 0.0049823010340332985 0.012003338895738125 0.9999155402183533
43.0064582824707 0.6639493703842163 -0.1441928595304489 6.037650746293366e-05 0.005953234154731035 0.012306240387260914 0.999906599521637
43.718223571777344 0.6879581212997437 -0.15332336723804474 -0.00021703843958675861 0.0065035633742809296 0.01269194483757019 0.9998982548713684
44.42226028442383 0.7085583209991455 -0.16312450170516968 -0.0005757196922786534 0.00592536386102438 0.012989622540771961 0.9998979568481445
44.779701232910156 0.719447910785675 -0.1641806960105896 -0.0005139555432833731 0.004512391053140163 0.01304893009364605 0.9999046325683594
45.3509407043457 0.7364200949668884 -0.1642531454563141 -0.000614676158875227 0.003101126989349723 0.01316819153726101 0.9999083876609802
46.063438415527344 0.7561478614807129 -0.16255368292331696 -0.0008565071620978415 0.00233037443831563 0.01297282986342907 0.9999128580093384
46.40159225463867 0.7678412199020386 -0.15846283733844757 -0.00019042882195208222 0.0025532892905175686 0.012970194220542908 0.999912679195404
46.91070556640625 0.7837597131729126 -0.15600356459617615 0.0005693812854588032 0.0037588730920106173 0.01258318591862917 0.9999136924743652
47.441436767578125 0.7957744598388672 -0.15766386687755585 0.0004077665798831731 0.005048674996942282 0.01216553058475256 0.999913215637207
47.82408142089844 0.8125899434089661 -0.15661896765232086 0.0002705502265598625 0.00604960648342967 0.011845622211694717 0.9999115467071533
48.249900817871094 0.8245350122451782 -0.15532533824443817 0.00013519232743419707 0.007027370855212212 0.011353759095072746 0.9999108910560608
48.8330192565918 0.8373898863792419 -0.160165935754776 0.00015199450717773288 0.0075216335244476795 0.010772686451673508 0.99991375207901
49.06166458129883 0.8469192385673523 -0.16574817895889282 0.000588668102864176 0.007382776588201523 0.01054548192769289 0.9999170303344727
49.40056228637695 0.8517379760742188 -0.17755383253097534 0.0012609610566869378 0.005695854313671589 0.010226510465145111 0.999930739402771
49.93295669555664 0.8583970069885254 -0.18721342086791992 0.0022246665321290493 0.0028391124214977026 0.009334288537502289 0.9999499917030334
50.12361526489258 0.8670699000358582 -0.18416260182857513 0.0026158459950238466 0.0010515645844861865 0.008941439911723137 0.9999560117721558
50.498268127441406 0.8745871782302856 -0.18152259290218353 0.0021045973990112543 0.0002499701513443142 0.008268626406788826 0.999963641166687
50.970890045166016 0.888039767742157 -0.17843255400657654 0.0014610528014600277 0.0005654274136759341 0.007343056611716747 0.999971866607666
51.21320343017578 0.8963384628295898 -0.17866936326026917 0.0009347250452265143 0.0012044969480484724 0.006880093831568956 0.9999751448631287
51.539554595947266 0.9017906188964844 -0.18295252323150635 0.0004471436550375074 0.0016688830219209194 0.0061891041696071625 0.9999794363975525
52.061683654785156 0.9126687049865723 -0.18533644080162048 -0.00018285858095623553 0.001788209076039493 0.0053048026748001575 0.9999842643737793
52.255985260009766 0.914368212223053 -0.19065599143505096 -0.0004869801632594317 0.00136667606420815 0.004969996865838766 0.9999865889549255
52.60747146606445 0.9232333898544312 -0.1918793022632599 -0.0002327164402231574 0.00039109704084694386 0.004536256194114685 0.9999895691871643
53.11563491821289 0.9172319173812866 -0.1834806501865387 0.0008995464886538684 -3.313207707833499e-05 0.003554427530616522 0.9999932646751404
53.35696792602539 0.9169391393661499 -0.18486936390399933 0.0024064783938229084 4.644797809305601e-05 0.002815804909914732 0.9999932050704956
53.691864013671875 0.9148271679878235 -0.19218626618385315 0.003103812225162983 -0.0002745794190559536 0.0019944992382079363 0.9999931454658508
54.19343566894531 0.9114424586296082 -0.19620415568351746 0.0021386391017585993 -0.0014757232274860144 0.0005501509294845164 0.9999964237213135
54.3887825012207 0.9260366559028625 -0.19363285601139069 0.000828344258479774 -0.002257021376863122 0.00014490836474578828 0.999997079372406
54.772552490234375 0.9317827820777893 -0.18540778756141663 0.00032384032965637743 -0.00153666315600276 -0.000934567186050117 0.9999983906745911
55.26276779174805 0.9266705513000488 -0.1798422634601593 0.000343096733558923 0.0005371712031774223 -0.0022601501550525427 0.9999973177909851
55.52078628540039 0.9224783778190613 -0.18294447660446167 0.00041465379763394594 0.0026410503778606653 -0.0031712378840893507 0.9999914765357971
55.84268569946289 0.9196916818618774 -0.1914503425359726 0.0002938229881692678 0.0033587042707949877 -0.004508099984377623 0.9999842047691345
56.37224578857422 0.9089673757553101 -0.19744008779525757 0.00041239988058805466 0.0026711851824074984 -0.006337720435112715 0.9999763369560242
56.564781188964844 0.9028549790382385 -0.19406692683696747 0.00047639323747716844 0.0017964689759537578 -0.007396657485514879 0.9999709725379944
56.93551254272461 0.9006046652793884 -0.19055424630641937 -0.00035460019716992974 0.0016259279800578952 -0.009770539589226246 0.9999509453773499
57.48125457763672 0.8885682821273804 -0.19471774995326996 -0.0011795546161010861 0.0012269250582903624 -0.013022507540881634 0.9999138116836548
57.7120246887207 0.8849560618400574 -0.20118167996406555 -0.0013717332622036338 0.00017331835988443345 -0.014925687573850155 0.9998877048492432
57.98228073120117 0.8720394372940063 -0.2075071632862091 -0.0011565396562218666 -0.0012204238446429372 -0.017454516142606735 0.999846339225769
58.48008728027344 0.839756429195404 -0.2048555314540863 -0.0014075319049879909 -0.0022758650593459606 -0.02287103980779648 0.9997349381446838
58.66318893432617 0.8390076160430908 -0.19860735535621643 -0.002693713875487447 -0.0021524117328226566 -0.02548993192613125 0.9996691346168518
59.05693435668945 0.8152918219566345 -0.19453203678131104 -0.004607055801898241 -0.0012108075898140669 -0.030881183221936226 0.99951171875
59.48855209350586 0.7783516049385071 -0.1946001648902893 -0.0055873943492770195 -0.0003290422901045531 -0.03794500231742859 0.999264121055603
59.744937896728516 0.752470076084137 -0.19833053648471832 -0.005809788126498461 -0.00029473635368049145 -0.04300370439887047 0.9990580677986145
60.05998611450195 0.7198481559753418 -0.2007998824119568 -0.0053322818130254745 -0.0011136371176689863 -0.05003822594881058 0.9987324476242065
60.53301239013672 0.6399871110916138 -0.19574913382530212 -0.004944542422890663 -0.0020996618550270796 -0.06256739050149918 0.9980263710021973
60.74166488647461 0.605094850063324 -0.1907084435224533 -0.005180042237043381 -0.0024872126523405313 -0.06964313238859177 0.9975554943084717
61.09878921508789 0.5252529978752136 -0.1870645135641098 -0.006202333606779575 -0.00230186665430665 -0.08231915533542633 0.9965840578079224
61.496185302734375 0.42845287919044495 -0.18691781163215637 -0.00729064317420125 -0.002117326483130455 -0.09929405897855759 0.9950291514396667
61.7216796875 0.3426220118999481 -0.18991392850875854 -0.007569065783172846 -0.002138379495590925 -0.10985970497131348 0.9939159750938416
62.007843017578125 0.2532086670398712 -0.19145984947681427 -0.006106195971369743 -0.0025463977362960577 -0.12387387454509735 0.9922759532928467
62.44902801513672 0.08610356599092484 -0.1852238029241562 -0.004122341517359018 -0.0031065174844115973 -0.1438542753458023 0.9895853996276855
62.61378479003906 0.026329664513468742 -0.1769740730524063 -0.0030597501900047064 -0.002554564271122217 -0.15046894550323486 0.9886066913604736
62.95282745361328 -0.11118396371603012 -0.16940677165985107 -0.002725983737036586 -0.0014716236619278789 -0.16381774842739105 0.9864857792854309
63.31720733642578 -0.2723974585533142 -0.16774612665176392 -0.0024588911328464746 -0.00029327633092179894 -0.1790943145751953 0.9838289022445679
63.52408218383789 -0.37415438890457153 -0.17142421007156372 -0.0022876912262290716 0.000292922486551106 -0.18725480139255524 0.9823086857795715
63.766395568847656 -0.4862211048603058 -0.1741522252559662 -0.0022014991845935583 0.0002461990516167134 -0.1983906775712967 0.9801205396652222
64.07618713378906 -0.6654707193374634 -0.17211496829986572 -0.0018550707027316093 0.00012091041571693495 -0.21368175745010376 0.9769015312194824
64.20612335205078 -0.7358009815216064 -0.17114725708961487 -0.0014059152454137802 0.00012365839211270213 -0.22012737393379211 0.9754701256752014
64.43507385253906 -0.876644492149353 -0.16983671486377716 -0.0013445480726659298 6.134563591331244e-05 -0.2315809279680252 0.9728147387504578
64.66581726074219 -1.0108180046081543 -0.1683654636144638 -0.0016017468878999352 6.921751628397033e-05 -0.2441481351852417 0.969736635684967
64.81573486328125 -1.1082149744033813 -0.16525374352931976 -0.0022212585899978876 0.00034373527159914374 -0.25200775265693665 0.9677225947380066
64.94551849365234 -1.2014166116714478 -0.16331270337104797 -0.002571475924924016 0.0006123306229710579 -0.2602948248386383 0.9655255675315857
65.15330505371094 -1.3582003116607666 -0.16412624716758728 -0.002536066807806492 0.000509865116328001 -0.2739581763744354 0.9617381691932678
65.22757720947266 -1.4198743104934692 -0.1648205816745758 -0.0025936171878129244 0.00016629896708764136 -0.27961036562919617 0.960110068321228
65.36552429199219 -1.53499436378479 -0.16360299289226532 -0.0028418286237865686 -0.00020458172366488725 -0.2895328402519226 0.9571638703346252
65.49014282226562 -1.642199158668518 -0.16491591930389404 -0.0028534824959933758 -0.0006281432579271495 -0.3003571629524231 0.9538223147392273
65.57074737548828 -1.7112035751342773 -0.16494040191173553 -0.002767832251265645 -0.0012289718724787235 -0.30690184235572815 0.9517363905906677
65.64610290527344 -1.788825273513794 -0.16307298839092255 -0.002687803003937006 -0.001829063519835472 -0.3139093220233917 0.9494473934173584
65.76986694335938 -1.9047034978866577 -0.16135157644748688 -0.0026332202833145857 -0.002191329374909401 -0.32429760694503784 0.9459488391876221
65.82147979736328 -1.961337685585022 -0.16114313900470734 -0.0026547680608928204 -0.0023652378004044294 -0.3291288912296295 0.944278359413147
65.90940856933594 -2.050722122192383 -0.1616835594177246 -0.0027411559130996466 -0.002687085187062621 -0.33718475699424744 0.9414306879043579
66.01152801513672 -2.1633501052856445 -0.16032524406909943 -0.002855045022442937 -0.0029662721790373325 -0.3458229601383209 0.9382907748222351
66.0649185180664 -2.2228236198425293 -0.15791428089141846 -0.002877218881621957 -0.0030324298422783613 -0.351046621799469 0.9363486766815186
66.1244125366211 -2.3007519245147705 -0.1579301357269287 -0.002538942499086261 -0.0030228914692997932 -0.35649919509887695 0.9342873096466064
66.2310791015625 -2.41426157951355 -0.15672942996025085 -0.002086035441607237 -0.003080173162743449 -0.3653208613395691 0.930874228477478
66.26280975341797 -2.458873987197876 -0.15730954706668854 -0.0018282231176272035 -0.0031714767683297396 -0.3684159517288208 0.9296538233757019
66.31745147705078 -2.5259180068969727 -0.15728385746479034 -0.001679823501035571 -0.0033446799498051405 -0.37329208850860596 0.9277063012123108
66.36802673339844 -2.5826971530914307 -0.15693478286266327 -0.001717734383419156 -0.0034164523240178823 -0.3784031867980957 0.9256329536437988
66.38482666015625 -2.6126909255981445 -0.15787102282047272 -0.0018744757398962975 -0.0035678234416991472 -0.38011786341667175 0.9249292612075806
66.41898345947266 -2.641299247741699 -0.15756143629550934 -0.0020926487632095814 -0.003892604960128665 -0.38316813111305237 0.9236680269241333
66.44190216064453 -2.6680705547332764 -0.15760259330272675 -0.0023344107903540134 -0.0042148372158408165 -0.38543596863746643 0.9227221012115479
66.45933532714844 -2.6877481937408447 -0.15635280311107635 -0.002709285356104374 -0.004515887703746557 -0.3872060179710388 0.9219782948493958
66.49162292480469 -2.726120710372925 -0.15655240416526794 -0.002953857183456421 -0.004733980167657137 -0.38980916142463684 0.9208787679672241
66.51656341552734 -2.7695515155792236 -0.15609586238861084 -0.0030807817820459604 -0.004903625696897507 -0.39302754402160645 0.9195084571838379
66.52352905273438 -2.774470567703247 -0.15583571791648865 -0.003113859798759222 -0.005063534248620272 -0.3942491412162781 0.9189844131469727
66.55139923095703 -2.819985866546631 -0.1544693559408188 -0.002986998064443469 -0.005132496822625399 -0.3969062864780426 0.9178399443626404
66.58250427246094 -2.8626105785369873 -0.15282610058784485 -0.0026927515864372253 -0.005054198671132326 -0.3997220993041992 0.9166185259819031
66.6020278930664 -2.8940370082855225 -0.15250858664512634 -0.002303729997947812 -0.004996750969439745 -0.4014999270439148 0.915842592716217
66.623291015625 -2.918785810470581 -0.15264905989170074 -0.00191617535892874 -0.004955687094479799 -0.4034564793109894 0.9149834513664246
66.6440200805664 -2.952045440673828 -0.1527898758649826 -0.0018149490933865309 -0.005014849826693535 -0.4056270718574524 0.9140231013298035
66.6430892944336 -2.9601681232452393 -0.1514214128255844 -0.0017846166156232357 -0.005016726441681385 -0.4058796465396881 0.9139110445976257
66.65453338623047 -2.974191904067993 -0.1507207155227661 -0.0016325936885550618 -0.004897508304566145 -0.4070509374141693 0.9133909344673157
66.66117095947266 -2.977405548095703 -0.1526951938867569 -0.0015679762000218034 -0.004742821212857962 -0.40675151348114014 0.9135252237319946
66.6645278930664 -2.9592225551605225 -0.1514773964881897 -0.0022880341857671738 -0.00468668807297945 -0.4069380462169647 0.9134408831596375
66.66134643554688 -2.964165687561035 -0.1506999433040619 -0.0026163167785853148 -0.004819889087229967 -0.406854510307312 0.9134764671325684
66.6642837524414 -2.964021682739258 -0.14987732470035553 -0.0025045229122042656 -0.005011147819459438 -0.4067726731300354 0.9135122299194336
66.65884399414062 -2.9695193767547607 -0.15073736011981964 -0.002365454100072384 -0.005091710016131401 -0.40691062808036804 0.9134507179260254
66.65631866455078 -2.9648022651672363 -0.15096339583396912 -0.002259498229250312 -0.005134352017194033 -0.4068167805671692 0.9134925603866577
66.65586853027344 -2.9615259170532227 -0.15049900114536285 -0.0023570319171994925 -0.00507703423500061 -0.4068852365016937 0.9134621620178223
66.6577377319336 -2.9616761207580566 -0.1506635695695877 -0.002399976598098874 -0.005056808236986399 -0.40671879053115845 0.9135362505912781
66.65534973144531 -2.9615254402160645 -0.15085497498512268 -0.0023742446210235357 -0.0050670974887907505 -0.40682417154312134 0.9134892821311951
66.65716552734375 -2.968312978744507 -0.15066006779670715 -0.002359676407650113 -0.005044522695243359 -0.4068211019039154 0.9134909510612488
66.65895080566406 -2.964104413986206 -0.1510065346956253 -0.002372540533542633 -0.005038278177380562 -0.4068411886692047 0.9134818911552429
66.65682220458984 -2.967860221862793 -0.15047450363636017 -0.0023675309494137764 -0.005035483743995428 -0.40680041909217834 0.9135000705718994
66.65937042236328 -2.9652504920959473 -0.15070101618766785 -0.002356879413127899 -0.005034109111875296 -0.40679648518562317 0.9135018587112427
66.65629577636719 -2.9672560691833496 -0.1506107747554779 -0.002365037566050887 -0.005036551505327225 -0.40682947635650635 0.9134871363639832
66.65641784667969 -2.967489719390869 -0.15083684027194977 -0.0023742588236927986 -0.004997529089450836 -0.40682414174079895 0.9134896993637085
66.6583480834961 -2.9650540351867676 -0.15036295354366302 -0.0024184128269553185 -0.004971538670361042 -0.40679284930229187 0.9135037660598755
66.65902709960938 -2.9673502445220947 -0.15036936104297638 -0.0023753896821290255 -0.004938544239848852 -0.4067758321762085 0.9135116338729858
66.65751647949219 -2.9691405296325684 -0.15068739652633667 -0.0023789384867995977 -0.004923895932734013 -0.406789094209671 0.9135056734085083
66.65876007080078 -2.9708094596862793 -0.15075857937335968 -0.0023890165612101555 -0.004916601348668337 -0.4067964255809784 0.9135024547576904
66.65694427490234 -2.965677499771118 -0.15070487558841705 -0.002370348433032632 -0.004914761986583471 -0.40679821372032166 0.9135017991065979
66.65809631347656 -2.9675307273864746 -0.15042006969451904 -0.0023902978282421827 -0.004903777968138456 -0.4068017601966858 0.9135002493858337
66.66001892089844 -2.9704740047454834 -0.15069817006587982 -0.002365322085097432 -0.004895333666354418 -0.4068112075328827 0.9134960174560547
66.65902709960938 -2.9674417972564697 -0.15082447230815887 -0.0023621106520295143 -0.0048992205411195755 -0.406798779964447 0.9135016798973083
66.65987396240234 -2.9671499729156494 -0.15077534317970276 -0.0023655127733945847 -0.0049062250182032585 -0.40680402517318726 0.9134991765022278
66.65715789794922 -2.966322422027588 -0.1509447991847992 -0.0023598866537213326 -0.004911310039460659 -0.406809538602829 0.913496732711792
66.65972900390625 -2.9685218334198 -0.15049830079078674 -0.0023577336687594652 -0.004929248243570328 -0.4067981243133545 0.9135017991065979
66.65768432617188 -2.967768907546997 -0.15058231353759766 -0.0023808807600289583 -0.0048906742595136166 -0.4067818820476532 0.9135090708732605
66.65753173828125 -2.969538688659668 -0.15051938593387604 -0.002367740496993065 -0.004911448806524277 -0.4068114161491394 0.9134958982467651
66.65764617919922 -2.9708893299102783 -0.15062536299228668 -0.002371331909671426 -0.004920098464936018 -0.4067946672439575 0.9135034084320068
66.6602783203125 -2.968881845474243 -0.15082959830760956 -0.0023754367139190435 -0.004888768307864666 -0.40681949257850647 0.9134923815727234
66.65811157226562 -2.964341402053833 -0.1507965326309204 -0.0023658904246985912 -0.004903435707092285 -0.40678033232688904 0.9135097861289978
66.65875244140625 -2.9671878814697266 -0.15079180896282196 -0.0023796965833753347 -0.00491184089332819 -0.4068010151386261 0.9135004878044128
66.6583251953125 -2.9676296710968018 -0.15083956718444824 -0.002399065997451544 -0.0048977104015648365 -0.406831294298172 0.9134870171546936
66.65936279296875 -2.9686083793640137 -0.15093813836574554 -0.0023743826895952225 -0.004912838339805603 -0.406834214925766 0.9134857058525085
66.65789794921875 -2.967712879180908 -0.15115799009799957 -0.0023747808299958706 -0.004907865077257156 -0.4068150818347931 0.9134942293167114
66.66007232666016 -2.96956729888916 -0.15173572301864624 -0.0024451036006212234 -0.004943610168993473 -0.40687036514282227 0.9134692549705505
66.6598129272461 -2.967177152633667 -0.1533016562461853 -0.0026533508207648993 -0.005168262403458357 -0.4069385230541229 0.9134370684623718
66.65699005126953 -2.9680421352386475 -0.1545838564634323 -0.002741181757301092 -0.005558986682444811 -0.4071766436100006 0.9133284091949463
66.66368103027344 -2.9707248210906982 -0.15435825288295746 -0.002788315061479807 -0.005770646035671234 -0.407494455575943 0.9131852388381958
66.66789245605469 -2.9787254333496094 -0.15372522175312042 -0.0028951240237802267 -0.00578687246888876 -0.4080805480480194 0.9129229784011841
66.67088317871094 -2.9921631813049316 -0.1536654233932495 -0.002883237786591053 -0.005756247788667679 -0.40840205550193787 0.9127794504165649
66.6793441772461 -2.9969983100891113 -0.15348602831363678 -0.002885655965656042 -0.005735365208238363 -0.40914809703826904 0.9124454259872437
66.68574523925781 -3.014176368713379 -0.15396611392498016 -0.0029772294219583273 -0.00573965348303318 -0.4098502993583679 0.9121298789978027
66.69911193847656 -3.0220441818237305 -0.15447060763835907 -0.0031200265511870384 -0.005881187040358782 -0.4112496078014374 0.911498486995697
66.69449615478516 -3.043971538543701 -0.15483766794204712 -0.0033751544542610645 -0.006077234633266926 -0.4120601415634155 0.9111301302909851
66.72444152832031 -3.0559728145599365 -0.15483307838439941 -0.0036386526189744473 -0.0064061530865728855 -0.41381287574768066 0.9103321433067322
66.73926544189453 -3.0801186561584473 -0.15422815084457397 -0.003743831068277359 -0.006640860810875893 -0.41566362977027893 0.9094864726066589
66.76213073730469 -3.114988088607788 -0.1518942266702652 -0.0036363606341183186 -0.0066625140607357025 -0.41792336106300354 0.9084506034851074
66.78388214111328 -3.1531221866607666 -0.15109103918075562 -0.003383845090866089 -0.006514287553727627 -0.42027318477630615 0.9073679447174072
66.81099700927734 -3.1941418647766113 -0.1499704271554947 -0.0032169190235435963 -0.006370070390403271 -0.4230591654777527 0.9060739874839783
66.83834075927734 -3.2367565631866455 -0.14981983602046967 -0.003182465210556984 -0.006291714496910572 -0.42575550079345703 0.9048107862472534
66.86500549316406 -3.270656108856201 -0.1495629847049713 -0.003214237280189991 -0.006298933178186417 -0.4283623993396759 0.9035793542861938
66.8868408203125 -3.3109962940216064 -0.14877110719680786 -0.0032442626543343067 -0.006327674258500338 -0.43074044585227966 0.9024478793144226
66.9181137084961 -3.3612210750579834 -0.14802660048007965 -0.003231671405956149 -0.006301557645201683 -0.43425390124320984 0.900762677192688
66.95146942138672 -3.415372610092163 -0.14724712073802948 -0.00320694618858397 -0.0063017490319907665 -0.4376319348812103 0.899126410484314
66.97110748291016 -3.4486052989959717 -0.14695285260677338 -0.0031860044691711664 -0.006299254484474659 -0.4396819472312927 0.8981257677078247
67.00479888916016 -3.5054728984832764 -0.14673639833927155 -0.003194832941517234 -0.006393626797944307 -0.44324809312820435 0.8963705897331238
67.048095703125 -3.5698275566101074 -0.14668206870555878 -0.003360137576237321 -0.006561652757227421 -0.44798558950424194 0.8940103650093079
67.06810760498047 -3.606095552444458 -0.1471814215183258 -0.0037760769482702017 -0.00675515690818429 -0.4504665434360504 0.8927598595619202
67.1044692993164 -3.661585807800293 -0.14687484502792358 -0.004372394178062677 -0.007010838948190212 -0.4545230269432068 0.89069664478302
67.15904998779297 -3.7592597007751465 -0.14533431828022003 -0.004759760107845068 -0.007357789669185877 -0.4607468843460083 0.8874884247779846
67.18126678466797 -3.8031883239746094 -0.14395207166671753 -0.004794175270944834 -0.007514019496738911 -0.4637097716331482 0.8859423398971558
67.2259750366211 -3.8933184146881104 -0.14269845187664032 -0.004686908330768347 -0.007564206141978502 -0.469507098197937 0.8828838467597961
67.29098510742188 -4.019931793212891 -0.14224335551261902 -0.004573270212858915 -0.007583971600979567 -0.47663864493370056 0.8790546655654907
67.32794952392578 -4.092485427856445 -0.14093254506587982 -0.004595586098730564 -0.007573508191853762 -0.4814353585243225 0.8764368295669556
67.37792205810547 -4.185968399047852 -0.13886742293834686 -0.00465023797005415 -0.007495379541069269 -0.4868830144405365 0.8734226226806641
67.46273040771484 -4.366070747375488 -0.13653457164764404 -0.004651565570384264 -0.007506463676691055 -0.4973694682121277 0.8674938678741455
67.48755645751953 -4.433365345001221 -0.1354150027036667 -0.004625912755727768 -0.007585837971419096 -0.5010091066360474 0.8653963804244995
67.54378509521484 -4.57413387298584 -0.13255281746387482 -0.00436628982424736 -0.007649364415556192 -0.5086203217506409 0.8609458804130554
67.6335678100586 -4.793641567230225 -0.13013888895511627 -0.003977749962359667 -0.007623086217790842 -0.5193683505058289 0.8545072078704834
67.6725845336914 -4.8996124267578125 -0.1278911828994751 -0.0036734906025230885 -0.007488701026886702 -0.5249683856964111 0.8510808348655701
67.72406005859375 -5.042194843292236 -0.12594303488731384 -0.003112103557214141 -0.00730984378606081 -0.5310844779014587 0.8472816348075867
67.81832122802734 -5.304304122924805 -0.12405333667993546 -0.0020807217806577682 -0.007409924175590277 -0.5424626469612122 0.8400446772575378
67.86746978759766 -5.429894924163818 -0.12710371613502502 -0.0016706549795344472 -0.007513841614127159 -0.5477758049964905 0.8365897536277771
67.92509460449219 -5.604221343994141 -0.12510418891906738 -0.002154289511963725 -0.00702240876853466 -0.554614245891571 0.8320751786231995
68.02006530761719 -5.894420623779297 -0.11946457624435425 -0.0027343598194420338 -0.006323602050542831 -0.565001368522644 0.8250612020492554
68.07070922851562 -6.064318656921387 -0.11660061031579971 -0.0025179372169077396 -0.005989694036543369 -0.5704561471939087 0.8213023543357849
68.12196350097656 -6.255187511444092 -0.11482424288988113 -0.0017272355034947395 -0.006173558533191681 -0.576612651348114 0.8169925212860107
68.204345703125 -6.572920322418213 -0.11316075921058655 -0.0004558975633699447 -0.007205761503428221 -0.5861181616783142 0.8101934194564819
68.25138092041016 -6.748463153839111 -0.11607001721858978 -9.25378844840452e-06 -0.008041341789066792 -0.5908746123313904 0.8067233562469482
68.31404876708984 -7.006494998931885 -0.11137490719556808 -0.00028663454577326775 -0.008178950287401676 -0.5973358750343323 0.8019494414329529
68.39913940429688 -7.348730087280273 -0.10538268089294434 -0.0005137640982866287 -0.007941673509776592 -0.604851484298706 0.7962985634803772
68.44474029541016 -7.544644355773926 -0.10514714568853378 -0.0004201445553917438 -0.00790003128349781 -0.6087571978569031 0.7933171987533569
68.50476837158203 -7.8105998039245605 -0.1056838259100914 -0.00013620576646644622 -0.007979482412338257 -0.6134327054023743 0.7897067070007324
68.59098815917969 -8.20239543914795 -0.10856995731592178 -0.0005357185727916658 -0.007997375912964344 -0.619841456413269 0.7846862077713013
68.64067840576172 -8.417722702026367 -0.1043117344379425 -0.0011858893558382988 -0.0077554406598210335 -0.6233417987823486 0.7819101810455322
68.69100952148438 -8.699357986450195 -0.0979609340429306 -0.0004646927409339696 -0.007666314486414194 -0.6269856691360474 0.7789928913116455
68.76692962646484 -9.143330574035645 -0.09559671580791473 0.0008262889459729195 -0.0074960021302104 -0.6336348056793213 0.7735956311225891
68.80520629882812 -9.393631935119629 -0.0941178947687149 0.0016226398292928934 -0.006964281667023897 -0.6370111703872681 0.7708213925361633
68.86029815673828 -9.73070240020752 -0.09448596835136414 0.002044376451522112 -0.006476363632827997 -0.6417993307113647 0.7668425440788269
68.92353820800781 -10.206629753112793 -0.09499617666006088 0.002016077982261777 -0.006742555182427168 -0.6471955180168152 0.7622915506362915
68.97154998779297 -10.477855682373047 -0.09217284619808197 0.001985228154808283 -0.0075274137780070305 -0.6500728130340576 0.7598320245742798
69.01139068603516 -10.816847801208496 -0.08515195548534393 0.0031848775688558817 -0.007932690903544426 -0.65306156873703 0.7572565674781799
69.06964874267578 -11.33546257019043 -0.08677264302968979 0.004338754341006279 -0.007207602262496948 -0.6573213934898376 0.753563404083252
69.10142517089844 -11.596939086914062 -0.09976324439048767 0.003998731262981892 -0.006949479691684246 -0.6594525575637817 0.7517034411430359
69.166748046875 -11.990803718566895 -0.10062477737665176 0.0022877901792526245 -0.006613769102841616 -0.6629530787467957 0.7486281991004944
69.21839904785156 -12.535920143127441 -0.09473300725221634 0.0006815500091761351 -0.005723997950553894 -0.6672701835632324 0.7447934150695801
69.24471282958984 -12.824919700622559 -0.08690767735242844 0.000512095051817596 -0.006636727135628462 -0.669623851776123 0.7426706552505493
69.27484893798828 -13.26174259185791 -0.08115314692258835 0.0012238237541168928 -0.008200266398489475 -0.6728670597076416 0.7397170066833496
69.29639434814453 -13.814900398254395 -0.08478911966085434 0.0029164976440370083 -0.010336149483919144 -0.6766263246536255 0.736248254776001
69.32565307617188 -14.101554870605469 -0.08556292206048965 0.0038917679339647293 -0.010866320692002773 -0.678236722946167 0.734752893447876
69.36054229736328 -14.579730987548828 -0.08901797980070114 0.0036441576667129993 -0.009894389659166336 -0.6805272698402405 0.7326469421386719
69.4063720703125 -15.224069595336914 -0.08175826072692871 0.0029448221903294325 -0.008150115609169006 -0.6831066608428955 0.7302672266960144
69.42961120605469 -15.42828369140625 -0.06971731781959534 0.0035378073807805777 -0.007057396229356527 -0.6838779449462891 0.729553759098053
69.46916961669922 -16.193832397460938 -0.06851555407047272 0.0048109558410942554 -0.007665176410228014 -0.68594890832901 0.7275934219360352
69.45518493652344 -16.19418716430664 -0.08277244120836258 0.005187953356653452 -0.009980850853025913 -0.6857364177703857 0.7277630567550659
69.49664306640625 -16.889616012573242 -0.08388092368841171 0.005065146833658218 -0.01259123720228672 -0.6870356202125549 0.7264969348907471
69.53945922851562 -17.535747528076172 -0.07571051269769669 0.004535322077572346 -0.013981523923575878 -0.686428964138031 0.7270482778549194
69.57219696044922 -18.038066864013672 -0.07069259881973267 0.004116923548281193 -0.013849388808012009 -0.6861920952796936 0.7272769212722778
69.6083984375 -18.535850524902344 -0.06547462195158005 0.003907420672476292 -0.01322196889668703 -0.6858507394790649 0.7276116013526917
69.64205169677734 -19.032291412353516 -0.06100120022892952 0.004010762553662062 -0.013417904265224934 -0.6852074265480042 0.7282133102416992
69.67574310302734 -19.575794219970703 -0.05387192592024803 0.00495039951056242 -0.014351916499435902 -0.6847081184387207 0.7286592721939087
