0.3184179961681366 0.0005896005895920098 -0.016360631212592125 -0.0026016044430434704 0.0006042919703759253 0.00016785958723630756 0.9999964237213135
0.6883875727653503 0.0021261568181216717 -0.022743893787264824 -0.0009286394342780113 -0.0010051047429442406 0.00034097942989319563 0.9999990463256836
1.0653458833694458 -0.008568119257688522 -0.017597002908587456 0.004233026877045631 -0.004339476116001606 0.0013607107102870941 0.9999806880950928
1.3192366361618042 -0.006975620985031128 0.003360278205946088 0.007633293978869915 -0.005973434541374445 0.0008794149034656584 0.9999526143074036
1.8338596820831299 -0.0034383833408355713 0.01630237139761448 0.0059790643863379955 -0.0059167672879993916 0.0009997871238738298 0.9999641180038452
2.3400800228118896 0.015969235450029373 -0.007842359133064747 0.0028138591442257166 -0.007316445466130972 0.001499646925367415 0.9999681711196899
2.610697031021118 0.007512562908232212 -0.01661789044737816 0.0018189828842878342 -0.010777199640870094 0.0017259129090234637 0.9999387860298157
3.1167795658111572 0.007939238101243973 0.019070306792855263 0.0034956990275532007 -0.01098476443439722 0.0019744746387004852 0.9999316334724426
3.3812308311462402 0.008392060175538063 0.033597253262996674 0.005640525370836258 -0.0068527404218912125 0.0022980354260653257 0.9999579787254333
3.864123582839966 0.0008002711110748351 0.052667245268821716 0.007928741164505482 -0.0011166881304234266 0.0028929405380040407 0.9999637603759766
4.138426780700684 0.010248683393001556 0.04467263072729111 0.005799768026918173 0.003806713270023465 0.0028331882786005735 0.9999719262123108
4.496886253356934 0.04497997462749481 0.015338193625211716 0.0008740409393794835 0.004442326724529266 0.002251289552077651 0.9999872446060181
5.024108409881592 0.05234934017062187 0.02525041066110134 -0.0020457920618355274 0.004730071872472763 0.0038081821985542774 0.9999794960021973
5.279022216796875 0.06456409394741058 0.027210699394345284 -0.0010803479235619307 0.006003131158649921 0.0035377913154661655 0.9999751448631287
5.603630542755127 0.04184798151254654 0.014310486614704132 0.0021290986333042383 0.00564316101372242 0.0038941812235862017 0.999974250793457
6.071583271026611 0.051997747272253036 0.01556274201720953 0.004080124199390411 0.0033205444924533367 0.003459563245996833 0.9999802112579346
6.352330207824707 0.05822167918086052 0.00579286040738225 0.005295947194099426 0.0004643913416657597 0.003451653989031911 0.9999799132347107
6.670243740081787 0.07825999706983566 0.001595643232576549 0.0017595982644706964 -0.0026604728773236275 0.00270629208534956 0.999991238117218
7.187552452087402 0.0867835283279419 0.008541587740182877 -0.0029332104604691267 -0.003083104733377695 0.00314893014729023 0.9999860525131226
7.409967422485352 0.11294296383857727 -0.004672875627875328 -0.004223589785397053 -0.0024226256646215916 0.0021744691766798496 0.9999858140945435
7.832365989685059 0.08777758479118347 -0.003541393671184778 -0.002644374268129468 -0.002891495591029525 0.002558485371991992 0.9999890923500061
8.358772277832031 0.08657627552747726 -0.00013331996160559356 0.0001881759089883417 -0.0032664823811501265 0.002955647651106119 0.9999902844429016
8.581514358520508 0.09362679719924927 0.022228632122278214 0.0031778248958289623 -0.0031211853493005037 0.002577150007709861 0.9999868273735046
8.925586700439453 0.08012645691633224 0.02230503223836422 0.005209349095821381 -0.0024967833887785673 0.003311430336907506 0.9999778270721436
9.449860572814941 0.10183653235435486 0.014806103892624378 0.004203723277896643 -0.0032615468371659517 0.0024648839607834816 0.9999828338623047
9.672758102416992 0.10383450984954834 0.006375066004693508 0.0024401480332016945 -0.0054736752063035965 0.002952844137325883 0.999977707862854
10.056227684020996 0.11258748173713684 0.011057524010539055 0.003182190703228116 -0.007190824951976538 0.003154610749334097 0.9999641180038452
10.60345458984375 0.11208855360746384 0.023332256823778152 0.004928311798721552 -0.007601943798363209 0.002807765733450651 0.9999550580978394
10.777185440063477 0.10975998640060425 0.03062327206134796 0.006784132216125727 -0.006987656466662884 0.0028791085351258516 0.9999484419822693
11.107979774475098 0.11885476857423782 0.036864716559648514 0.007315925322473049 -0.005470590200275183 0.0035491844173520803 0.9999520182609558
11.58510684967041 0.11555168777704239 0.041779205203056335 0.00740379374474287 -0.0036812596954405308 0.004471336491405964 0.9999558329582214
11.992475509643555 0.12813985347747803 0.042299505323171616 0.006572731304913759 -0.001753316493704915 0.004929586313664913 0.999964714050293
12.260899543762207 0.1381407529115677 0.039244312793016434 0.006374701391905546 0.000517138687428087 0.00423924345523119 0.999970555305481
12.660238265991211 0.14409483969211578 0.03422529622912407 0.006957546807825565 0.0011587911285459995 0.005900286603718996 0.9999577403068542
13.007652282714844 0.15475264191627502 0.034402549266815186 0.007725764997303486 0.001050518243573606 0.006644012872129679 0.9999475479125977
13.399930000305176 0.15539705753326416 0.04581126943230629 0.007883414626121521 0.001036559115163982 0.0067658014595508575 0.9999455213546753
13.774711608886719 0.17710675299167633 0.040877602994441986 0.0057747578248381615 0.0014753961004316807 0.006930840667337179 0.9999582171440125
14.051695823669434 0.18470975756645203 0.029827605932950974 0.00444409716874361 0.0006741562392562628 0.007969794794917107 0.9999581575393677
14.5272855758667 0.20283065736293793 0.020932238548994064 0.004517270717769861 -0.0014142498839646578 0.008996495045721531 0.9999483227729797
14.92330265045166 0.2021365761756897 0.029048481956124306 0.005453887861222029 -0.0023945248685777187 0.009432613849639893 0.9999377727508545
15.296164512634277 0.2157483845949173 0.03386097028851509 0.00579992588609457 -0.0018406753661110997 0.009692621417343616 0.9999345541000366
15.799798965454102 0.23229029774665833 0.028978902846574783 0.005481952801346779 -0.0010417732410132885 0.010357278399169445 0.9999307990074158
16.195091247558594 0.248272106051445 0.028238710016012192 0.0031591455917805433 -0.0013705661986023188 0.010898948647081852 0.9999346733093262
16.569072723388672 0.2652764618396759 0.02857246808707714 0.0011778557673096657 -0.0026890160515904427 0.011414224281907082 0.9999305605888367
16.8581600189209 0.28263843059539795 0.037350114434957504 0.0005650773528032005 -0.002407509135082364 0.011717041954398155 0.99992835521698
17.106496810913086 0.28451359272003174 0.03444463759660721 0.0011900408426299691 -0.0020299300085753202 0.011555244214832783 0.9999305009841919
17.648883819580078 0.2889169156551361 0.030044090002775192 0.0023629770148545504 -0.0031393428798764944 0.01134278904646635 0.9999279379844666
18.144227981567383 0.3040015697479248 0.03146979957818985 0.0028333538211882114 -0.004138407297432423 0.010879437439143658 0.9999282360076904
18.422462463378906 0.3122465908527374 0.03792261704802513 0.00299088004976511 -0.004242435563355684 0.01149587519466877 0.9999204874038696
18.868427276611328 0.32846689224243164 0.044817350804805756 0.002747385995462537 -0.00401674397289753 0.010336271487176418 0.999934732913971
19.224712371826172 0.34064334630966187 0.041395124047994614 0.001716627855785191 -0.003042208030819893 0.010143940337002277 0.9999424815177917
19.86408805847168 0.352073609828949 0.047158341854810715 0.0009207757539115846 -0.0030870449263602495 0.008655480109155178 0.9999573826789856
20.041662216186523 0.3611099123954773 0.04651787132024765 0.0005623571341857314 -0.0023364650551229715 0.008233791217207909 0.9999632239341736
20.483001708984375 0.37059542536735535 0.049230508506298065 6.227757694432512e-05 -0.0011218475410714746 0.007967358455061913 0.999967634677887
20.988502502441406 0.3812941014766693 0.043279848992824554 -0.00016919926565606147 -0.0005015587667003274 0.006510686129331589 0.9999787211418152
21.264802932739258 0.39694973826408386 0.04031951725482941 0.00010055758320959285 -0.0005902066477574408 0.006419135257601738 0.9999792575836182
21.683879852294922 0.3934926688671112 0.04155288264155388 -0.000542295107152313 -0.0016595149645581841 0.005406304728239775 0.9999839067459106
22.350961685180664 0.4043937921524048 0.04696445167064667 -0.0014526788145303726 -0.0018798783421516418 0.003665876341983676 0.9999905228614807
22.534526824951172 0.41554033756256104 0.0405043326318264 -0.0019041368504986167 -0.002374327974393964 0.003615888301283121 0.999988853931427
23.070911407470703 0.41320672631263733 0.03513050451874733 -0.0015672411536797881 -0.003575931303203106 0.0024380299728363752 0.99998939037323
23.527442932128906 0.4155311584472656 0.04282858967781067 -0.0011947466991841793 -0.00448178593069315 0.0012133645359426737 0.9999884963035583
23.75564193725586 0.4246903359889984 0.044330280274152756 -0.0007338972063735127 -0.004330664873123169 0.0007076864712871611 0.9999901056289673
24.23257827758789 0.41239768266677856 0.04820617288351059 8.354125020559877e-05 -0.003611411899328232 4.705193714471534e-05 0.9999935030937195
24.772706985473633 0.41915395855903625 0.054107993841171265 0.0004279169952496886 -0.002667598193511367 -0.002141492674127221 0.9999940991401672
25.100505828857422 0.42164677381515503 0.05087229236960411 -2.3963219064171426e-05 -0.0015191223938018084 -0.0030284570530056953 0.9999942779541016
25.39298439025879 0.42967689037323 0.04973163083195686 -0.000568699964787811 -0.0010157708311453462 -0.0038133685011416674 0.9999920725822449
26.090898513793945 0.41859349608421326 0.05099264532327652 -0.0006777264643460512 -0.0010104667162522674 -0.004703672137111425 0.9999881982803345
26.338171005249023 0.41539081931114197 0.05126412585377693 0.0003244084946345538 -0.0016162925167009234 -0.004700217861682177 0.9999876022338867
26.741844177246094 0.4138556122779846 0.05073448643088341 0.0019685914739966393 -0.002153627574443817 -0.005449356976896524 0.9999809265136719
27.354713439941406 0.4002620577812195 0.05096878483891487 0.003580935765057802 -0.0036942935548722744 -0.005327731370925903 0.9999725818634033
27.630096435546875 0.4035540223121643 0.05038796737790108 0.004671183880418539 -0.004243372939527035 -0.00611526845023036 0.9999614357948303
28.12640953063965 0.3969838619232178 0.05848529934883118 0.004475655034184456 -0.0036510624922811985 -0.006401389371603727 0.9999628663063049
28.65472984313965 0.39290815591812134 0.05173185095191002 0.003957639914005995 -0.0029054780025035143 -0.006734708324074745 0.999965250492096
29.021913528442383 0.39856284856796265 0.05287086218595505 0.0041106510907411575 -0.002783111995086074 -0.006692768074572086 0.9999653100967407
29.418960571289062 0.38192522525787354 0.05813607573509216 0.004255167208611965 -0.0037088491953909397 -0.007333128713071346 0.9999572038650513
30.060340881347656 0.3824957013130188 0.0699743703007698 0.0035694001708179712 -0.003613738575950265 -0.0076291062869131565 0.9999580383300781
30.286359786987305 0.3786468505859375 0.06962303072214127 0.0033667488023638725 -0.0029406333342194557 -0.007859623990952969 0.9999591708183289
30.830514907836914 0.37584030628204346 0.0664224773645401 0.003101210342720151 -0.002676690462976694 -0.007992774248123169 0.9999597072601318
31.36797523498535 0.36295050382614136 0.06616527587175369 0.0025223044212907553 -0.0015584948705509305 -0.008437315933406353 0.9999600052833557
31.761491775512695 0.36416739225387573 0.06737368553876877 0.0019660438410937786 -0.0002970845380332321 -0.009283251129090786 0.9999549388885498
32.13246154785156 0.3659055829048157 0.07066605985164642 0.0009136568987742066 0.001586532685905695 -0.009153034538030624 0.9999564290046692
32.81174087524414 0.3565055727958679 0.0612386018037796 0.00031963223591446877 0.0018412854988127947 -0.010235664434731007 0.999945878982544
33.05936813354492 0.3509526252746582 0.062157612293958664 0.0005270594265311956 0.001319522736594081 -0.009873813018202782 0.9999502301216125
33.61051559448242 0.34613940119743347 0.0628916546702385 0.0004638508544303477 0.0013418683083727956 -0.010253220796585083 0.9999464154243469
34.11368942260742 0.33794325590133667 0.05646989494562149 -0.0004320580919738859 0.002221533562988043 -0.010967840440571308 0.9999372959136963
34.54341125488281 0.34538736939430237 0.04663848876953125 -0.0019591907039284706 0.002169086132198572 -0.011556203477084637 0.9999289512634277
34.93063735961914 0.339002788066864 0.04484505578875542 -0.0028521737549453974 0.0009265984990634024 -0.010774612426757812 0.9999374747276306
35.58723068237305 0.3250926434993744 0.05692864954471588 -0.002353516174480319 0.0010630935430526733 -0.010518255643546581 0.999941349029541
35.86200714111328 0.3261944651603699 0.0483771376311779 -0.001998660620301962 0.0012392783537507057 -0.011054376140236855 0.9999361634254456
36.38697052001953 0.31485655903816223 0.03303424268960953 -0.0028799576684832573 -0.0007911902503110468 -0.010221588425338268 0.9999433159828186
36.918819427490234 0.3189564049243927 0.04023211449384689 -0.004229092039167881 -0.0026893289759755135 -0.010256007313728333 0.9999348521232605
37.29387664794922 0.3233271837234497 0.05005156248807907 -0.006567613687366247 -0.0017271166434511542 -0.010546415112912655 0.9999213218688965
37.68353271484375 0.3153831958770752 0.049984127283096313 -0.007429545279592276 9.141460031969473e-05 -0.00914096925407648 0.9999306201934814
38.26466751098633 0.30488133430480957 0.03477422893047333 -0.005846087355166674 0.00019773427629843354 -0.009006643667817116 0.9999423623085022
38.72650909423828 0.3039136230945587 0.04446197301149368 -0.004715476185083389 -0.0008466324652545154 -0.00839061476290226 0.9999533295631409
39.00412368774414 0.2943571209907532 0.050108954310417175 -0.0054131727665662766 -0.00048281156341545284 -0.00763455405831337 0.9999560713768005
39.709510803222656 0.3011936545372009 0.05196813493967056 -0.0071516623720526695 -0.000501748698297888 -0.007266328204423189 0.9999479055404663
39.92803192138672 0.3054647445678711 0.050146277993917465 -0.008752593770623207 2.973675009343424e-06 -0.007005047984421253 0.9999371767044067
40.40757751464844 0.3070756793022156 0.04115161672234535 -0.010939312167465687 -0.0001407598319929093 -0.006587932351976633 0.9999184608459473
41.045440673828125 0.30724939703941345 0.0435636043548584 -0.011976195499300957 0.00017270130047108978 -0.005722958128899336 0.999911904335022
41.35628128051758 0.30396032333374023 0.04594813659787178 -0.01066591963171959 0.0003122326161246747 -0.00622025690972805 0.9999237060546875
41.723140716552734 0.2995043694972992 0.04750582575798035 -0.008741265162825584 0.0002443991834297776 -0.006060156039893627 0.9999434351921082
42.29441452026367 0.28840726613998413 0.05590412765741348 -0.006024668458849192 0.0009339539101347327 -0.005916411988437176 0.9999639391899109
42.62270736694336 0.27422595024108887 0.04351745545864105 -0.002148144645616412 0.0005764556699432433 -0.0056626577861607075 0.9999815225601196
43.04762268066406 0.28225037455558777 0.03525427356362343 0.00045049242908135056 -0.0008551109931431711 -0.0069192699156701565 0.9999756217002869
43.616764068603516 0.2681010961532593 0.03726665675640106 -0.000979565898887813 -0.003081247443333268 -0.007282273843884468 0.9999682903289795
43.93832015991211 0.28897011280059814 0.0480930395424366 -0.005645502358675003 -0.0035087878350168467 -0.00806545652449131 0.9999454021453857
44.274173736572266 0.3013492524623871 0.050424546003341675 -0.009034737013280392 -0.002500803442671895 -0.008148252964019775 0.9999228715896606
44.95124435424805 0.2840711176395416 0.04464835301041603 -0.008805256336927414 -0.0015095561975613236 -0.007163067813962698 0.9999344348907471
45.08553695678711 0.2791862487792969 0.03829643875360489 -0.005112834274768829 -0.0016191010363399982 -0.0062488107942044735 0.9999660849571228
45.631874084472656 0.262312114238739 0.046674735844135284 -0.00048827449791133404 -0.001872478285804391 -0.006782623007893562 0.9999751448631287
46.15220642089844 0.259169340133667 0.04894484952092171 0.000525491836015135 -0.0019960859790444374 -0.005948515608906746 0.9999801516532898
46.48858642578125 0.25884631276130676 0.05012676864862442 -0.0028293407522141933 -0.0022939802147448063 -0.006033693440258503 0.9999752044677734
47.048423767089844 0.2748413681983948 0.05615374445915222 -0.008008402772247791 -0.003126763738691807 -0.0056799934245646 0.9999469518661499
47.436920166015625 0.2755809426307678 0.05939766764640808 -0.010165166109800339 -0.0026945725549012423 -0.005104094743728638 0.9999316930770874
47.782379150390625 0.27715328335762024 0.05956995487213135 -0.008315933868288994 -0.001595103181898594 -0.0059582022950053215 0.9999464154243469
48.221107482910156 0.25879809260368347 0.05107129365205765 -0.005364848300814629 -0.0004981016390956938 -0.0065372176468372345 0.9999641180038452
48.61322784423828 0.24956150352954865 0.05313483625650406 -0.005151659250259399 -0.0011659367009997368 -0.007173153106123209 0.9999603629112244
49.054420471191406 0.2497154325246811 0.05201498046517372 -0.005729927681386471 -0.00222420459613204 -0.007733359467238188 0.9999512434005737
49.454368591308594 0.25939273834228516 0.06615570187568665 -0.007737617939710617 -0.0029894013423472643 -0.008472600020468235 0.9999297261238098
49.990211486816406 0.24699890613555908 0.06328530609607697 -0.007798969745635986 -0.0033559699077159166 -0.008239447139203548 0.9999300241470337
50.19987106323242 0.25400903820991516 0.06260135769844055 -0.006727222818881273 -0.0032379135955125093 -0.008347833529114723 0.9999372959136963
50.68827819824219 0.23724687099456787 0.06336934119462967 -0.005422512535005808 -0.002926671179011464 -0.00791215617209673 0.9999497532844543
51.301971435546875 0.2326282262802124 0.06663051247596741 -0.006494457367807627 -0.0016119484789669514 -0.007920843549072742 0.9999462366104126
51.45737838745117 0.24514472484588623 0.07012256979942322 -0.00818854384124279 -0.00033923162845894694 -0.0073512098751962185 0.9999393820762634
51.886131286621094 0.24383604526519775 0.06817226111888885 -0.008724724873900414 -0.0004148714942857623 -0.006652426440268755 0.9999397397041321
52.34286117553711 0.23881208896636963 0.0679020956158638 -0.00786652322858572 -0.0007974911131896079 -0.006479456089437008 0.9999477863311768
52.629573822021484 0.22778180241584778 0.07570334523916245 -0.006800992414355278 -0.001350450562313199 -0.005487447138875723 0.9999608993530273
53.06680679321289 0.23610535264015198 0.07092516124248505 -0.006939186714589596 -0.0020377347245812416 -0.005784608423709869 0.9999571442604065
53.53041458129883 0.2447662055492401 0.07044731080532074 -0.008688907139003277 -0.002816305262967944 -0.0057911197654902935 0.9999415278434753
53.738616943359375 0.24079185724258423 0.07157102227210999 -0.009954940527677536 -0.0032850774005055428 -0.004214363172650337 0.9999361634254456
54.16843032836914 0.24540424346923828 0.07024127244949341 -0.009661676362156868 -0.0033802634570747614 -0.004129548091441393 0.9999390840530396
54.58407211303711 0.2437172532081604 0.07242006808519363 -0.008569127880036831 -0.003706609597429633 -0.003202268620952964 0.9999513030052185
54.922637939453125 0.2333640158176422 0.07608407735824585 -0.007853690534830093 -0.004474912770092487 -0.002657364821061492 0.9999556541442871
55.232452392578125 0.2532723844051361 0.07984515279531479 -0.007420843932777643 -0.005783732049167156 -0.0023478686343878508 0.999953031539917
55.773441314697266 0.23922103643417358 0.08908922970294952 -0.007501277606934309 -0.006566514726728201 -0.0013633057242259383 0.9999493956565857
55.982303619384766 0.2560036778450012 0.09116575866937637 -0.008219009265303612 -0.0064225406385958195 -0.0012936927378177643 0.999944806098938
56.410179138183594 0.25380200147628784 0.09347380697727203 -0.007698065601289272 -0.0054428367875516415 -0.0007671040366403759 0.9999552965164185
56.843727111816406 0.25132644176483154 0.09011741727590561 -0.006292269565165043 -0.004699633456766605 0.00022508748224936426 0.9999691247940063
57.15770721435547 0.26226553320884705 0.09370972216129303 -0.005241197068244219 -0.00400541303679347 3.774015567614697e-05 0.999978244304657
57.53804016113281 0.25788405537605286 0.10524545609951019 -0.00527462363243103 -0.0027889327611774206 0.001580168609507382 0.9999809861183167
58.029666900634766 0.2688421308994293 0.10731983184814453 -0.005800067912787199 -0.0012566449586302042 0.0015711057931184769 0.9999812245368958
58.21942138671875 0.2751874625682831 0.10994726419448853 -0.007416763808578253 -0.0008532236097380519 0.002692009322345257 0.9999685287475586
58.66129684448242 0.29340314865112305 0.10411372035741806 -0.008744198828935623 -0.0014014164917171001 0.0024407601449638605 0.999957799911499
59.106807708740234 0.28889599442481995 0.10152678936719894 -0.007608489599078894 -0.001997111365199089 0.004226796329021454 0.9999601244926453
59.383750915527344 0.29220399260520935 0.09963997453451157 -0.005205306690186262 -0.0031388672068715096 0.004770098719745874 0.9999701380729675
59.74241638183594 0.2879343330860138 0.10430458188056946 -0.004708162508904934 -0.004041312262415886 0.0050177606754004955 0.9999681711196899
60.22567367553711 0.30667805671691895 0.1035066768527031 -0.005806861445307732 -0.00503028929233551 0.00565731106325984 0.9999544620513916
60.48997497558594 0.31768372654914856 0.10838570445775986 -0.0066942693665623665 -0.004790925420820713 0.00619695708155632 0.9999469518661499
60.93844223022461 0.32881754636764526 0.10713378340005875 -0.0075315311551094055 -0.004830034449696541 0.0071085006929934025 0.999934732913971
61.33567810058594 0.333279013633728 0.11513784527778625 -0.007078935392200947 -0.004592623561620712 0.007730192970484495 0.9999344944953918
61.8351936340332 0.3440811038017273 0.11937060207128525 -0.006164079997688532 -0.00405518151819706 0.008502927608788013 0.9999366402626038
62.179420471191406 0.35323959589004517 0.12170050293207169 -0.006002805195748806 -0.003910943865776062 0.008937271311879158 0.9999343752861023
62.64890670776367 0.3661682605743408 0.131380096077919 -0.007585960905998945 -0.003030553460121155 0.009651797823607922 0.9999200701713562
62.94096374511719 0.38658809661865234 0.12844176590442657 -0.010358067229390144 -0.0015202596550807357 0.010095886886119843 0.9998942613601685
63.334808349609375 0.39965835213661194 0.12315479665994644 -0.010667631402611732 -0.00015032710507512093 0.011301564984023571 0.9998792409896851
63.69144058227539 0.408938467502594 0.11793465912342072 -0.00870793592184782 -2.9514505513361655e-05 0.011967620812356472 0.9998905062675476
64.11263275146484 0.4238184094429016 0.11537320166826248 -0.0065514943562448025 -0.0009794846409931779 0.012376269325613976 0.9999014735221863
64.49069213867188 0.43346041440963745 0.12837818264961243 -0.005794805474579334 -0.0015983288176357746 0.013212339952588081 0.9998946785926819
64.90245819091797 0.44421643018722534 0.12997093796730042 -0.006041372660547495 -0.0015369666507467628 0.013608249835669994 0.999888002872467
65.20218658447266 0.4600469470024109 0.12449540197849274 -0.007101219613105059 -0.0014862961834296584 0.013856730423867702 0.9998776912689209
65.6260986328125 0.4829197824001312 0.11829247325658798 -0.008478883653879166 -0.0021838778629899025 0.013619908131659031 0.9998689293861389
66.0482177734375 0.4908512234687805 0.11143600195646286 -0.00834900513291359 -0.0026295508723706007 0.013499407097697258 0.9998705983161926
66.44583892822266 0.5063154697418213 0.13578873872756958 -0.005802136845886707 -0.0015846078749746084 0.012558081187307835 0.9999030828475952
66.79055786132812 0.5079994201660156 0.134864941239357 -0.00409366749227047 0.0010242601856589317 0.011794528923928738 0.9999215602874756
67.15038299560547 0.5123628973960876 0.12905393540859222 -0.004164569545537233 0.00315120373852551 0.011096314527094364 0.9999247789382935
67.53599548339844 0.5412130355834961 0.11312282085418701 -0.005919428542256355 0.0025348563212901354 0.010305839590728283 0.9999261498451233
67.95486450195312 0.5332985520362854 0.10748864710330963 -0.006231339182704687 -3.704971823026426e-05 0.009350067935883999 0.9999368786811829
68.30750274658203 0.5558872222900391 0.11618802696466446 -0.0055973101407289505 -0.0020309544634073973 0.008783814497292042 0.999943733215332
68.49981689453125 0.5568829774856567 0.1288054883480072 -0.00351231312379241 -0.002539912471547723 0.008859715424478054 0.9999513626098633
68.9827651977539 0.5451689958572388 0.11685770004987717 -0.0011869579320773482 -0.003070254810154438 0.00804162584245205 0.9999622702598572
69.43360900878906 0.5553238987922668 0.10653625428676605 -0.00028005847707390785 -0.005632338114082813 0.007111751940101385 0.9999588131904602
69.61528778076172 0.5613886117935181 0.09169068932533264 -0.0013266862370073795 -0.009979802183806896 0.005676476284861565 0.9999331831932068
70.03128814697266 0.577701985836029 0.11366520822048187 -0.001991239609196782 -0.014321125112473965 0.0066838450729846954 0.9998731017112732
70.47056579589844 0.5792835354804993 0.14802655577659607 -0.0013874004362151027 -0.014931107871234417 0.004896882921457291 0.9998756051063538
70.66558074951172 0.5806384086608887 0.16072282195091248 0.00016614038031548262 -0.013391093350946903 0.004564979113638401 0.9998999238014221
71.07382202148438 0.5752601623535156 0.16629527509212494 0.0023374033626168966 -0.011147523298859596 0.0042466409504413605 0.9999260902404785
71.4576644897461 0.57379150390625 0.15976795554161072 0.004177176859229803 -0.009806154295802116 0.003538361983373761 0.9999369382858276
71.781982421875 0.5770414471626282 0.15843676030635834 0.004931781906634569 -0.009120638482272625 0.0029442950617522 0.9999419450759888
72.08041381835938 0.5805744528770447 0.17565526068210602 0.005937246605753899 -0.00794326514005661 0.002507732715457678 0.9999476671218872
72.4798812866211 0.5755346417427063 0.1904398649930954 0.008251202292740345 -0.0053366427309811115 0.0021655193995684385 0.9999493956565857
72.7850570678711 0.5729853510856628 0.19580914080142975 0.009393537417054176 -0.003633979009464383 0.0012995555298402905 0.9999484419822693
73.05341339111328 0.5727115273475647 0.19488349556922913 0.010074062272906303 -0.003315387526527047 0.001725490321405232 0.9999423027038574
73.5347671508789 0.5755100846290588 0.19027139246463776 0.010293230414390564 -0.004411605186760426 0.0007671480998396873 0.9999369978904724
73.72364044189453 0.5724236369132996 0.19017288088798523 0.011843311600387096 -0.00621175579726696 0.0011731218546628952 0.9999099373817444
74.0162582397461 0.5756909251213074 0.191578671336174 0.014570983126759529 -0.0073787453584373 0.0008403265383094549 0.9998663067817688
74.42192077636719 0.5651253461837769 0.19720952212810516 0.017254538834095 -0.008417543955147266 0.00024103865143842995 0.9998156428337097
74.7056655883789 0.5598779320716858 0.19874610006809235 0.018704582005739212 -0.00906899943947792 -0.00018955326231662184 0.9997838735580444
74.92693328857422 0.5584448575973511 0.2069709450006485 0.018696283921599388 -0.008929701521992683 -0.00035805415245704353 0.999785304069519
75.37705993652344 0.5659324526786804 0.2153651863336563 0.018195124343037605 -0.008094556629657745 -0.0005024470156058669 0.9998015761375427
75.53740692138672 0.5654852390289307 0.2147487848997116 0.01849122904241085 -0.00705759646371007 -0.000615856668446213 0.999803900718689
75.90323638916016 0.5491968989372253 0.2184317409992218 0.02060019038617611 -0.006754704751074314 -0.000724450743291527 0.9997647404670715
76.2518310546875 0.5550381541252136 0.22218523919582367 0.023592239245772362 -0.00671735405921936 -0.0013685696758329868 0.9996981620788574
76.51835632324219 0.5388989448547363 0.22997532784938812 0.025896253064274788 -0.006587633863091469 -0.0017261201282963157 0.999641478061676
76.7462387084961 0.5366418957710266 0.23689419031143188 0.028091540560126305 -0.006189585663378239 -0.0018665838288143277 0.9995844960212708
77.16461944580078 0.5335869789123535 0.2409229725599289 0.030131002888083458 -0.005692225880920887 -0.00221393839456141 0.9995272755622864
77.31098937988281 0.5198100805282593 0.23754070699214935 0.03138888627290726 -0.0059428708627820015 -0.0023980371188372374 0.9994867444038391
77.61091613769531 0.5218102931976318 0.23842857778072357 0.031137079000473022 -0.00675938418135047 -0.0030873310752213 0.9994875192642212
77.91217041015625 0.5307270884513855 0.24102552235126495 0.02959463931620121 -0.00759146036580205 -0.0036219593603163958 0.9995266199111938
78.11090850830078 0.5355662703514099 0.24165800213813782 0.028960879892110825 -0.008184061385691166 -0.0037776760291308165 0.9995399117469788
78.32695007324219 0.5308940410614014 0.24616913497447968 0.03053196705877781 -0.008336203172802925 -0.0038751934189349413 0.9994915127754211
78.70112609863281 0.5145805478096008 0.24938665330410004 0.0330519825220108 -0.007703114300966263 -0.0040687331929802895 0.9994156360626221
78.83303833007812 0.5094072818756104 0.25059932470321655 0.035335540771484375 -0.007157726213335991 -0.003848110092803836 0.9993425011634827
79.10230255126953 0.5021309852600098 0.2530302405357361 0.03584524989128113 -0.007168962620198727 -0.004452753346413374 0.999321699142456
79.41030883789062 0.5069448351860046 0.25982800126075745 0.03556452691555023 -0.007372664287686348 -0.00463382713496685 0.9993294477462769
79.57481384277344 0.5125835537910461 0.2650507092475891 0.03540670499205589 -0.00745327677577734 -0.004258183762431145 0.9993361830711365
79.80889129638672 0.5014476180076599 0.270295113325119 0.03642258048057556 -0.007221142761409283 -0.004208209924399853 0.999301552772522
80.1498794555664 0.498679518699646 0.2762029469013214 0.03838230296969414 -0.006947829853743315 -0.0037551603745669127 0.9992319345474243
80.37605285644531 0.49147742986679077 0.2771098017692566 0.039825208485126495 -0.006739353761076927 -0.0032522499095648527 0.9991787075996399
80.61363220214844 0.4916449189186096 0.27572688460350037 0.04034920036792755 -0.007346272002905607 -0.002211466198787093 0.9991562366485596
80.82937622070312 0.4951494336128235 0.2773887813091278 0.041257694363594055 -0.008253873325884342 -0.0007541715167462826 0.9991141557693481
81.06256103515625 0.49762287735939026 0.28304174542427063 0.042392488569021225 -0.009104076772928238 0.0009324553539045155 0.9990590810775757
81.28547668457031 0.49559956789016724 0.2843586802482605 0.043347034603357315 -0.009591071866452694 0.002764018950983882 0.9990102648735046
81.52035522460938 0.5032438039779663 0.2905205190181732 0.045035459101200104 -0.009545025415718555 0.0048677390441298485 0.9989279508590698
81.74214935302734 0.5013043880462646 0.29567793011665344 0.04685074836015701 -0.008879800327122211 0.007555090356618166 0.9988338351249695
81.94034576416016 0.5010982155799866 0.2980346083641052 0.048198822885751724 -0.008133028633892536 0.009217020124197006 0.9987621307373047
82.19572448730469 0.5200220942497253 0.30471113324165344 0.04871560260653496 -0.007239996921271086 0.012395495548844337 0.9987095594406128
82.40979766845703 0.532030463218689 0.3043053150177002 0.048793017864227295 -0.006592931691557169 0.01512298732995987 0.9986726641654968
82.64044189453125 0.5440977811813354 0.305472195148468 0.048706963658332825 -0.0066198380663990974 0.01798739843070507 0.9986292123794556
82.84632873535156 0.5609958171844482 0.30924224853515625 0.0487399622797966 -0.006968822795897722 0.020786404609680176 0.9985708594322205
83.07695770263672 0.5764371156692505 0.3143334686756134 0.04779451712965965 -0.007400657050311565 0.02382441610097885 0.9985456466674805
83.25514221191406 0.5909587144851685 0.31838124990463257 0.047195468097925186 -0.007740991655737162 0.02638719044625759 0.9985070824623108
83.50763702392578 0.6177875995635986 0.3265220820903778 0.04779603332281113 -0.008651938289403915 0.030306363478302956 0.9983597993850708
83.72228240966797 0.6247668266296387 0.3339182138442993 0.048864707350730896 -0.0095241479575634 0.033785656094551086 0.9981883764266968
84.01373291015625 0.6557583212852478 0.3458646237850189 0.04996270686388016 -0.010351893492043018 0.03875689581036568 0.9979451298713684
84.1258544921875 0.6712718605995178 0.34713536500930786 0.049792833626270294 -0.010496076196432114 0.040868520736694336 0.9978678822517395
84.3546371459961 0.7047499418258667 0.3472890853881836 0.04865052551031113 -0.011243174783885479 0.04521917179226875 0.9977283477783203
84.57746124267578 0.7372768521308899 0.35051658749580383 0.04784651845693588 -0.012595596723258495 0.04976629838347435 0.9975346326828003
84.73564147949219 0.761458694934845 0.35660845041275024 0.047480128705501556 -0.013866056688129902 0.053029291331768036 0.9973672032356262
84.91263580322266 0.7823140621185303 0.36249521374702454 0.04799027740955353 -0.014698980376124382 0.05651610344648361 0.9971393346786499
85.19485473632812 0.828006386756897 0.37276190519332886 0.0489591546356678 -0.015121771022677422 0.06230612471699715 0.9967408776283264
85.29060363769531 0.8472505807876587 0.3744324743747711 0.04914958029985428 -0.01511206291615963 0.0641229897737503 0.9966164231300354
85.5033950805664 0.8842479586601257 0.38057947158813477 0.04848465695977211 -0.015265599824488163 0.06799429655075073 0.9963899850845337
85.7696762084961 0.940259575843811 0.3901960849761963 0.04740820825099945 -0.015210184268653393 0.07328587025403976 0.996067464351654
85.88943481445312 0.9583911895751953 0.3953213691711426 0.04635349288582802 -0.014811674132943153 0.07539404928684235 0.9959657192230225
86.08912658691406 1.0045472383499146 0.4054560959339142 0.046150773763656616 -0.014245579019188881 0.07958462089300156 0.9956573247909546
86.30634307861328 1.0418610572814941 0.4136711061000824 0.0461871400475502 -0.01382562518119812 0.08364754915237427 0.995328426361084
86.39191436767578 1.0592213869094849 0.41659122705459595 0.04648685082793236 -0.013559817336499691 0.08530780673027039 0.9951772093772888
86.59595489501953 1.1022183895111084 0.42538586258888245 0.04690711945295334 -0.013555002398788929 0.08925826847553253 0.9948109984397888
86.81965637207031 1.1568728685379028 0.4323612153530121 0.046424999833106995 -0.01361204031854868 0.09369667619466782 0.9944246411323547
86.96112823486328 1.1867189407348633 0.4384916424751282 0.0449279248714447 -0.013609795831143856 0.09619249403476715 0.9942551255226135
87.17071533203125 1.2565269470214844 0.45043855905532837 0.043220099061727524 -0.013284130953252316 0.10093189775943756 0.9938653707504272
87.39598846435547 1.3082882165908813 0.4608321487903595 0.04267440736293793 -0.012790637090802193 0.1054217591881752 0.9934291839599609
87.52115631103516 1.3269941806793213 0.46303191781044006 0.04330819472670555 -0.01253415271639824 0.10801108926534653 0.9931268095970154
87.70556640625 1.379181146621704 0.46713635325431824 0.044749580323696136 -0.012978398241102695 0.11238940060138702 0.992571234703064
87.92117309570312 1.4429212808609009 0.4759259521961212 0.04497705027461052 -0.013701822608709335 0.11837097257375717 0.9918556809425354
88.08430480957031 1.4896687269210815 0.4814141094684601 0.043790943920612335 -0.01435092557221651 0.12321171164512634 0.9913098812103271
88.21397399902344 1.5486406087875366 0.4864039123058319 0.04240008443593979 -0.015098698437213898 0.1280137598514557 0.9907506108283997
88.5137939453125 1.6508378982543945 0.5032700896263123 0.04196472465991974 -0.015736360102891922 0.1387920379638672 0.9893069267272949
88.61415100097656 1.693313717842102 0.5078266263008118 0.04242720082402229 -0.01558918971568346 0.14305464923381805 0.9886820912361145
88.83226776123047 1.7643884420394897 0.5167339444160461 0.04305877164006233 -0.01558375358581543 0.15131714940071106 0.9874240756034851
88.97639465332031 1.8196945190429688 0.5230152010917664 0.04413570463657379 -0.015338296070694923 0.15743958950042725 0.986422598361969
89.21768188476562 1.9250437021255493 0.5348089337348938 0.04470209777355194 -0.015549369156360626 0.16800983250141144 0.9846484661102295
89.43314361572266 2.0219156742095947 0.5482296347618103 0.04398311674594879 -0.01590503752231598 0.17827367782592773 0.9828687906265259
89.607177734375 2.1086552143096924 0.5565428733825684 0.04373595491051674 -0.0162421353161335 0.18779431283473969 0.9810997247695923
89.81645202636719 2.234797716140747 0.5734426379203796 0.043803539127111435 -0.016493938863277435 0.19951972365379333 0.9787753224372864
90.0066909790039 2.3254644870758057 0.5838637948036194 0.04393741488456726 -0.016038160771131516 0.2106713205575943 0.9764373898506165
90.17754364013672 2.4258687496185303 0.5927525162696838 0.044231463223695755 -0.015868263319134712 0.2206011861562729 0.974231481552124
90.37123107910156 2.5569396018981934 0.6062583923339844 0.04374346509575844 -0.016203757375478745 0.23292240500450134 0.9713758826255798
90.53025817871094 2.6614410877227783 0.6195892691612244 0.04225853458046913 -0.016130227595567703 0.2428940087556839 0.9689977169036865
90.73841094970703 2.813507080078125 0.6295446157455444 0.04103051871061325 -0.016749849542975426 0.25690722465515137 0.9654194116592407
90.9178237915039 2.9558537006378174 0.6452267169952393 0.04107154905796051 -0.01715211570262909 0.2695698142051697 0.9619516730308533
91.09638214111328 3.0946261882781982 0.6610878109931946 0.04168403148651123 -0.016776053234934807 0.2824779748916626 0.9582208395004272
91.2673110961914 3.238478422164917 0.6749147772789001 0.042439915239810944 -0.015819191932678223 0.29483839869499207 0.9544731378555298
91.4603271484375 3.391335964202881 0.6937752366065979 0.04312325268983841 -0.014619377441704273 0.3087673783302307 0.9500470757484436
91.65245819091797 3.5751965045928955 0.7050939798355103 0.0438673235476017 -0.01343519240617752 0.32361453771591187 0.9450761079788208
91.80570220947266 3.7159507274627686 0.7140488028526306 0.044498685747385025 -0.013168567791581154 0.33622869849205017 0.9406363368034363
91.94869995117188 3.881141424179077 0.7286238670349121 0.045396365225315094 -0.012909065000712872 0.34939339756965637 0.9357867240905762
92.0997314453125 4.047036170959473 0.74371737241745 0.04513264074921608 -0.012919720262289047 0.3631386458873749 0.9305517077445984
92.22505187988281 4.212178707122803 0.7568049430847168 0.04409791901707649 -0.013081788085401058 0.3756698668003082 0.9256113767623901
92.36624145507812 4.399731159210205 0.7716191411018372 0.04241900518536568 -0.013808077201247215 0.39022597670555115 0.9196377992630005
92.4735336303711 4.572780132293701 0.7839426398277283 0.041150856763124466 -0.014703601598739624 0.4028894305229187 0.9142048954963684
92.6093978881836 4.7532429695129395 0.8005620837211609 0.041170570999383926 -0.015639690682291985 0.4169803261756897 0.9078478813171387
92.72579193115234 4.952897071838379 0.8202703595161438 0.04223009943962097 -0.016078418120741844 0.4313420355319977 0.901056170463562
92.84043884277344 5.105411529541016 0.8320875763893127 0.04432229325175285 -0.015937985852360725 0.44371891021728516 0.8949273824691772
92.94703674316406 5.310734748840332 0.8492000699043274 0.046008095145225525 -0.016095619648694992 0.45742207765579224 0.8879128694534302
93.02151489257812 5.45774507522583 0.8584416508674622 0.04609501734375954 -0.01727067492902279 0.4677576720714569 0.8824849724769592
93.09308624267578 5.620781421661377 0.8728289008140564 0.04523898661136627 -0.018745915964245796 0.47847428917884827 0.8767350912094116
93.21209716796875 5.8845977783203125 0.8973556756973267 0.044027816504240036 -0.02022363245487213 0.4957284927368164 0.8671250343322754
93.27059936523438 6.026037693023682 0.9106229543685913 0.043192651122808456 -0.020873434841632843 0.5041072964668274 0.8623077273368835
93.31858825683594 6.166959285736084 0.9231918454170227 0.042984239757061005 -0.021188048645853996 0.5124619007110596 0.8573716878890991
93.40255737304688 6.378053665161133 0.9444280862808228 0.043175794184207916 -0.02145475707948208 0.5254621505737305 0.849449872970581
93.44911193847656 6.50266695022583 0.9564341902732849 0.043711427599191666 -0.02084512822329998 0.5326662063598633 0.8449388146400452
93.50313568115234 6.658112525939941 0.967888355255127 0.04406428337097168 -0.02075640857219696 0.5413371920585632 0.8393935561180115
93.5692367553711 6.883416175842285 0.9854759573936462 0.043519750237464905 -0.0218023844063282 0.5540639162063599 0.8310498595237732
93.5814437866211 6.9574713706970215 0.9943146109580994 0.04172135889530182 -0.02289607934653759 0.5579380393028259 0.828516960144043
93.6212158203125 7.127651214599609 1.0048633813858032 0.042060986161231995 -0.02339903637766838 0.5668905377388 0.8223859071731567
93.6729965209961 7.293406963348389 1.0229144096374512 0.044902049005031586 -0.023290090262889862 0.575880229473114 0.8159677982330322
93.71337890625 7.416407585144043 1.036771535873413 0.04831651970744133 -0.021747121587395668 0.5816107392311096 0.8117398619651794
93.74968719482422 7.525754928588867 1.0471704006195068 0.04988241568207741 -0.021636376157402992 0.5870236754417419 0.8077418208122253
93.78424072265625 7.749631881713867 1.0699033737182617 0.048471108078956604 -0.0241716206073761 0.5965355038642883 0.8007569909095764
93.78123474121094 7.8138885498046875 1.0788109302520752 0.046107217669487 -0.027108782902359962 0.5991048812866211 0.7988821268081665
93.81243133544922 7.973577976226807 1.0979244709014893 0.045156531035900116 -0.029192067682743073 0.6060467958450317 0.7936094999313354
93.83969116210938 8.133590698242188 1.1137514114379883 0.04525700584053993 -0.0297698937356472 0.6122754216194153 0.7887866497039795
93.84934997558594 8.225887298583984 1.1222704648971558 0.04585184529423714 -0.029766375198960304 0.615507185459137 0.786233127117157
93.86672973632812 8.339338302612305 1.1333421468734741 0.04596231132745743 -0.030169101431965828 0.6199865341186523 0.7826838493347168
93.89331817626953 8.530881881713867 1.1541303396224976 0.04550592228770256 -0.031101921573281288 0.6262910962104797 0.7776383757591248
93.8976821899414 8.59445571899414 1.160322904586792 0.04515296220779419 -0.03174961358308792 0.6284710764884949 0.775871992111206
93.91114807128906 8.714731216430664 1.1688358783721924 0.045028530061244965 -0.03254593163728714 0.6325266361236572 0.7725433707237244
93.92774963378906 8.877714157104492 1.182457685470581 0.045130785554647446 -0.03336463123559952 0.6372579336166382 0.7686041593551636
93.93219757080078 8.959176063537598 1.1902793645858765 0.04480818659067154 -0.03408851847052574 0.6398294568061829 0.766451895236969
93.94271087646484 9.077325820922852 1.2006467580795288 0.04428234323859215 -0.03483585640788078 0.6431649923324585 0.7636520266532898
93.9583969116211 9.236788749694824 1.2162829637527466 0.044125739485025406 -0.03511729836463928 0.6476513743400574 0.7598469853401184
93.96619415283203 9.31649398803711 1.2253574132919312 0.04434572905302048 -0.03436579182744026 0.6496037244796753 0.7582002282142639
93.9839859008789 9.506613731384277 1.2438422441482544 0.04369018226861954 -0.03374134376645088 0.6540191173553467 0.7544612884521484
93.98685455322266 9.584593772888184 1.2462093830108643 0.0425441637635231 -0.033876579254865646 0.6559904217720032 0.7528073787689209
93.9866714477539 9.666511535644531 1.2566943168640137 0.04077918455004692 -0.03431468829512596 0.6574828624725342 0.7515822052955627
93.99907684326172 9.848506927490234 1.2753140926361084 0.039451953023672104 -0.03349321335554123 0.6619833111763 0.7477298378944397
94.01249694824219 9.926825523376465 1.2867605686187744 0.03892149031162262 -0.030865082517266273 0.6637827157974243 0.7462740540504456
94.02566528320312 10.029273986816406 1.2984871864318848 0.03768909350037575 -0.02795081026852131 0.6654678583145142 0.7449502348899841
94.03299713134766 10.169866561889648 1.3111199140548706 0.03577256202697754 -0.025792311877012253 0.6682718992233276 0.7426087856292725
94.03439331054688 10.247298240661621 1.3185077905654907 0.03347381204366684 -0.024443436414003372 0.6701000928878784 0.7411126494407654
94.03852844238281 10.357115745544434 1.3298511505126953 0.030704792588949203 -0.023552648723125458 0.6720350384712219 0.7395076155662537
94.03927612304688 10.498458862304688 1.3396155834197998 0.028298024088144302 -0.021876370534300804 0.6744788885116577 0.7374272346496582
94.04383850097656 10.576940536499023 1.343797206878662 0.026331210508942604 -0.019434262067079544 0.6759498715400696 0.7362205982208252
94.05119323730469 10.690272331237793 1.3505915403366089 0.02412291243672371 -0.017111128196120262 0.6779189109802246 0.7345415949821472
94.05413055419922 10.841598510742188 1.3567616939544678 0.021611904725432396 -0.01532917469739914 0.6802473068237305 0.7325037121772766
94.05243682861328 10.917671203613281 1.360569715499878 0.019121740013360977 -0.014355450868606567 0.6816495656967163 0.7312881350517273
94.05645751953125 11.026097297668457 1.36656653881073 0.01703190617263317 -0.013079793192446232 0.6834791302680969 0.7296541333198547
94.05901336669922 11.151546478271484 1.3775544166564941 0.015028261579573154 -0.010610521771013737 0.6854320764541626 0.7279041409492493
94.06416320800781 11.261408805847168 1.3818110227584839 0.013155222870409489 -0.007744740229099989 0.6868542432785034 0.7266349196434021
94.06568145751953 11.390765190124512 1.3883068561553955 0.01082063838839531 -0.005358104128390551 0.6883992552757263 0.7252314686775208
94.06643676757812 11.53023624420166 1.395141839981079 0.007748413365334272 -0.0037940097972750664 0.6903340220451355 0.7234393954277039
94.06165313720703 11.612895965576172 1.4031479358673096 0.004491317551583052 -0.002401235280558467 0.6912841796875 0.7225650548934937
94.0622787475586 11.715266227722168 1.4055668115615845 0.0018016054527834058 -0.0004968838184140623 0.6924628615379333 0.7214511036872864
94.0577392578125 11.840078353881836 1.4042922258377075 -8.544722368242219e-05 0.0016964725218713284 0.6939719915390015 0.7200000286102295
94.05892944335938 11.908731460571289 1.4015804529190063 -0.0016587839927524328 0.003539592493325472 0.694734513759613 0.7192556262016296
