0.4949546158313751 0.0013384296325966716 -0.00028667820151895285 -4.916987745673396e-05 -0.0001055738830473274 -0.00013856826990377158 1.0
1.0033667087554932 0.0010233739158138633 0.0005694074206985533 0.0005079008406028152 -0.00017948423919733614 0.00024706608382984996 0.9999998211860657
1.273941993713379 0.00025229089078493416 0.0005432431935332716 0.0016743118176236749 2.829347795341164e-05 0.0002594698453322053 0.9999985694885254
1.7229784727096558 -0.0003547905071172863 0.0010070371208712459 0.002899291692301631 0.0003082225448451936 0.0007441291818395257 0.9999954700469971
2.298719644546509 -0.000490292557515204 -0.0013982984237372875 0.003590790554881096 0.00038568529998883605 0.0014337681932374835 0.9999924898147583
2.566511869430542 0.008812462911009789 -0.004369700793176889 0.004010757431387901 7.233346696011722e-05 0.002381415804848075 0.9999891519546509
2.9715301990509033 0.013391369953751564 -0.0038633630611002445 0.004273661412298679 -0.00035894630127586424 0.0037302125710994005 0.9999839067459106
3.557748317718506 0.02661430649459362 0.00038694331306032836 0.004457863979041576 -0.00036577912396751344 0.006245766766369343 0.999970555305481
3.8192176818847656 0.03657154738903046 -0.00041350984247401357 0.004616572987288237 -0.00034879741724580526 0.007387632969766855 0.9999619722366333
4.437312126159668 0.05006052926182747 -1.6596019122516736e-05 0.0051658740267157555 -0.0003379543195478618 0.00985282938927412 0.9999380707740784
4.815902233123779 0.06496842205524445 -0.001124243950471282 0.005873421672731638 -0.00016982373199425638 0.01116771437227726 0.9999204277992249
5.143456935882568 0.07609593868255615 0.00039627024671062827 0.006240041460841894 9.663890523370355e-05 0.011999922804534435 0.9999085664749146
5.672241687774658 0.09383432567119598 0.001579110510647297 0.0064517357386648655 0.0004023346700705588 0.013050875626504421 0.9998939633369446
6.1146039962768555 0.10650898516178131 0.000643641222268343 0.006708321161568165 0.00045840072561986744 0.013702856376767159 0.9998835325241089
6.368474006652832 0.11826306581497192 -0.0010074656456708908 0.006938165985047817 0.00017115604714490473 0.013817491941154003 0.9998804926872253
6.941392421722412 0.13897207379341125 -0.002214230364188552 0.007235323544591665 -0.00022291646746452898 0.014551825821399689 0.9998679161071777
7.360012054443359 0.1515181064605713 -0.00261409068480134 0.007625357713550329 -0.0006830642814747989 0.01497755479067564 0.9998584985733032
7.783804893493652 0.1693532019853592 -0.0024383494164794683 0.007609687279909849 -0.0010911861900240183 0.015240729786455631 0.999854326248169
8.2153959274292 0.18470236659049988 -0.003271633293479681 0.007601937744766474 -0.0016077816253528 0.015666024759411812 0.9998471140861511
8.636734962463379 0.20039503276348114 0.0002246617223136127 0.007811970543116331 -0.002001399639993906 0.01603533700108528 0.9998389482498169
9.06988525390625 0.21591094136238098 0.0016738343983888626 0.008655432611703873 -0.00185454695019871 0.016286268830299377 0.9998282194137573
9.492463111877441 0.2296106517314911 0.003695432096719742 0.00918617658317089 -0.0016196212964132428 0.016635393723845482 0.9998180866241455
9.938528060913086 0.2488204687833786 0.004277786705642939 0.009160850197076797 -0.0013716944959014654 0.017133980989456177 0.9998102784156799
10.35093879699707 0.2671162784099579 0.0038115561474114656 0.00870452355593443 -0.0012357893865555525 0.017367830500006676 0.999810516834259
10.817031860351562 0.2898533344268799 0.007103227078914642 0.008402260951697826 -0.0010167021537199616 0.0177957434207201 0.9998058676719666
11.16667652130127 0.3054944574832916 0.00899141002446413 0.008484426885843277 -0.0008691120892763138 0.01834389939904213 0.9997953772544861
11.67864990234375 0.3243318796157837 0.00756411999464035 0.008911668322980404 -0.0009317906224168837 0.01919490657746792 0.9997756481170654
12.067339897155762 0.3430789113044739 0.00948547013103962 0.00912163220345974 -0.0008024005219340324 0.019478261470794678 0.9997683763504028
12.522697448730469 0.3643743395805359 0.01083868183195591 0.008845046162605286 -0.0007088979473337531 0.01931975781917572 0.9997739791870117
12.935791969299316 0.383320689201355 0.011281953193247318 0.008760539814829826 -0.0006164541700854897 0.018762756139039993 0.9997854232788086
13.388072967529297 0.3988516926765442 0.01192084327340126 0.008927151560783386 -0.00041140004759654403 0.018155602738261223 0.9997952580451965
13.766535758972168 0.41242626309394836 0.013784647919237614 0.009379320777952671 -6.070404197089374e-05 0.017464032396674156 0.9998034834861755
14.235069274902344 0.43123143911361694 0.015300576575100422 0.009712521918118 0.00034817197592929006 0.016823476180434227 0.9998112320899963
14.627094268798828 0.442931592464447 0.01199337001889944 0.009959043003618717 0.0003971573314629495 0.01619337499141693 0.9998192191123962
15.084402084350586 0.46167534589767456 0.01150044146925211 0.01013035885989666 0.00021579270833171904 0.015459869056940079 0.9998291730880737
15.455798149108887 0.4734281599521637 0.011400223709642887 0.010162590071558952 4.294848986319266e-05 0.014944041147828102 0.9998366832733154
15.933058738708496 0.4878668487071991 0.011597846634685993 0.010229164734482765 8.013219485292211e-05 0.01418022159487009 0.9998471736907959
16.327821731567383 0.502266526222229 0.010599653236567974 0.010302464477717876 -7.5815332820639014e-06 0.01376678328961134 0.999852180480957
16.799482345581055 0.5150097608566284 0.011720739305019379 0.01083359308540821 2.0001822122139856e-05 0.01319026667624712 0.999854326248169
17.183975219726562 0.524722158908844 0.01081820484250784 0.01142502948641777 0.00023237359710037708 0.012862322852015495 0.9998520016670227
17.67009162902832 0.5395689606666565 0.00958637148141861 0.011632923036813736 0.000316916179144755 0.012530888430774212 0.999853789806366
18.07767105102539 0.5509397983551025 0.008076192811131477 0.011581556871533394 0.0003011944063473493 0.01226438581943512 0.9998576641082764
18.537643432617188 0.5660765767097473 0.008879436179995537 0.011615357361733913 0.00026498892111703753 0.012168814428150654 0.9998584985733032
18.937103271484375 0.5765839219093323 0.009284961968660355 0.011783748865127563 0.00019878751481883228 0.012103172019124031 0.9998573064804077
19.41547966003418 0.5910789370536804 0.009310089983046055 0.012305551208555698 0.00015827523020561785 0.011930628679692745 0.9998531341552734
19.83769989013672 0.6015875935554504 0.008108836598694324 0.012864666990935802 -9.238512575393543e-05 0.011902490630745888 0.9998463988304138
20.297670364379883 0.6138378977775574 0.006271921563893557 0.013168876990675926 -0.0003052743850275874 0.011716359294950962 0.9998446106910706
20.70012664794922 0.6258955597877502 0.005948613863438368 0.013288496062159538 -0.0004503825039137155 0.011617451906204224 0.9998441338539124
21.174457550048828 0.6400320529937744 0.006818572524935007 0.013377978466451168 -0.0005944012082181871 0.011641079559922218 0.9998425841331482
21.59967803955078 0.6520794034004211 0.00784179475158453 0.013467536307871342 -0.0006822643335908651 0.011456224136054516 0.9998434782028198
22.086345672607422 0.665103018283844 0.006617940962314606 0.013352914713323116 -0.0007993545150384307 0.011426963843405247 0.9998452663421631
22.503826141357422 0.6786085963249207 0.006282113958150148 0.013438006862998009 -0.0010919691994786263 0.011305552907288074 0.9998452067375183
22.988645553588867 0.6905038356781006 0.00893712043762207 0.013658592477440834 -0.0011487462325021625 0.011392088606953621 0.9998412132263184
23.437543869018555 0.7006469368934631 0.009891250170767307 0.014016280882060528 -0.0009196015889756382 0.011261248961091042 0.9998379349708557
23.900371551513672 0.7119807004928589 0.009154709987342358 0.014370983466506004 -0.0007761334418319166 0.011178489774465561 0.9998340010643005
24.340965270996094 0.7242447733879089 0.007390274200588465 0.014372896403074265 -0.0007649419130757451 0.011050376109778881 0.9998353719711304
24.856691360473633 0.7405346035957336 0.006069752387702465 0.013986616395413876 -0.0011272112606093287 0.010914694517850876 0.9998419880867004
25.297090530395508 0.7537098526954651 0.0038058629725128412 0.013450696133077145 -0.002150146523490548 0.010887008160352707 0.999847948551178
25.823375701904297 0.7705096006393433 0.004612866323441267 0.013456973247230053 -0.004048382863402367 0.010732282884418964 0.9998437166213989
26.28047752380371 0.7844513058662415 0.010776599869132042 0.013574925251305103 -0.005989960860460997 0.010612362064421177 0.9998336434364319
26.64871597290039 0.7926731109619141 0.01324494369328022 0.013641088269650936 -0.007362543139606714 0.010822026059031487 0.9998213052749634
27.170555114746094 0.8107389807701111 0.017812218517065048 0.013044944033026695 -0.008325047791004181 0.010678893886506557 0.9998232126235962
27.612064361572266 0.8223889470100403 0.024779891595244408 0.012402663938701153 -0.009034655056893826 0.010568029247224331 0.9998264312744141
28.127958297729492 0.8390136957168579 0.04689374193549156 0.011416818015277386 -0.008744391612708569 0.010526406578719616 0.9998412132263184
28.576677322387695 0.8435404896736145 0.048375386744737625 0.014415302313864231 -0.007398996036499739 0.010913180187344551 0.999809205532074
29.09394073486328 0.8535634279251099 0.05729289725422859 0.015626899898052216 -0.0066980053670704365 0.010759877040982246 0.9997975826263428
29.619335174560547 0.8651263117790222 0.060993555933237076 0.015955977141857147 -0.006007869727909565 0.010528776794672012 0.9997991919517517
30.06382942199707 0.8806655406951904 0.0629795491695404 0.016305942088365555 -0.006022939924150705 0.010838053189218044 0.9997901916503906
30.432222366333008 0.8917092084884644 0.06775635480880737 0.01617564633488655 -0.006648826878517866 0.010800599120557308 0.999788761138916
31.041439056396484 0.9016782641410828 0.07652395218610764 0.016425903886556625 -0.0075124152936041355 0.010598083958029747 0.9997807145118713
31.558578491210938 0.9180649518966675 0.09004848450422287 0.01788673736155033 -0.007104646414518356 0.01169090997427702 0.9997464418411255
32.01533889770508 0.9277139902114868 0.08995839953422546 0.02062956616282463 -0.0061947498470544815 0.011354791931807995 0.9997035264968872
32.5180778503418 0.9322564005851746 0.09762386977672577 0.022772207856178284 -0.00512568186968565 0.011566746979951859 0.9996606707572937
33.03314971923828 0.9430420994758606 0.10094176232814789 0.02396058291196823 -0.003913416992872953 0.011759691871702671 0.9996361136436462
33.52570343017578 0.9596632122993469 0.10431358218193054 0.02205604501068592 -0.0035292874090373516 0.011447572149336338 0.9996849894523621
34.035675048828125 0.9878702759742737 0.10602787882089615 0.01881111040711403 -0.004537940490990877 0.011842994019389153 0.9997426271438599
34.5378532409668 1.0041513442993164 0.10586636513471603 0.018000610172748566 -0.00715045677497983 0.012526690028607845 0.9997339248657227
35.057044982910156 1.017874836921692 0.11463163793087006 0.019395863637328148 -0.009106901474297047 0.013125079683959484 0.9996842741966248
35.51504135131836 1.0274620056152344 0.11999064683914185 0.021566009148955345 -0.010448010638356209 0.013648116029798985 0.999619722366333
36.087337493896484 1.0511407852172852 0.13471099734306335 0.020733950659632683 -0.010751581750810146 0.014022641815245152 0.9996289014816284
36.565792083740234 1.0783480405807495 0.14618928730487823 0.016794376075267792 -0.010038791224360466 0.013873986899852753 0.999712347984314
37.13066101074219 1.111079454421997 0.1619519740343094 0.011226752772927284 -0.008071862161159515 0.013813339173793793 0.9998089671134949
37.6595573425293 1.1376032829284668 0.17333205044269562 0.00740625848993659 -0.005740229040384293 0.013948938809335232 0.9998588562011719
38.29032897949219 1.147709608078003 0.1695551574230194 0.010031006298959255 -0.005191806238144636 0.013800982385873795 0.9998409748077393
38.70548629760742 1.1696592569351196 0.1700635552406311 0.009908762760460377 -0.006488208193331957 0.013707187958061695 0.9998359680175781
39.23534393310547 1.182018756866455 0.17338405549526215 0.010745130479335785 -0.009606032632291317 0.013049989938735962 0.9998109936714172
39.7618293762207 1.2016609907150269 0.17411573231220245 0.00855348538607359 -0.013296428136527538 0.012203245423734188 0.9998005628585815
40.23940658569336 1.2337167263031006 0.18559831380844116 0.006800901610404253 -0.017160983756184578 0.012282392010092735 0.9997541904449463
40.71086502075195 1.2462960481643677 0.20195859670639038 0.006938894744962454 -0.0194492656737566 0.012680417858064175 0.9997063875198364
41.27191925048828 1.2681764364242554 0.23169556260108948 0.005850763991475105 -0.019962480291724205 0.012435455806553364 0.9997063279151917
41.86316680908203 1.2785712480545044 0.24497871100902557 0.0058967056684195995 -0.01995975896716118 0.01279804389923811 0.9997014999389648
42.347259521484375 1.3002978563308716 0.26844245195388794 0.006936550140380859 -0.019695758819580078 0.013086245395243168 0.9996963143348694
42.93885803222656 1.3152048587799072 0.2914724051952362 0.007042296696454287 -0.018833424896001816 0.01375435572117567 0.9997032284736633
43.43041229248047 1.3306958675384521 0.3091091513633728 0.007303552236407995 -0.018667088821530342 0.01407234650105238 0.9997000694274902
44.00149154663086 1.3566943407058716 0.33611002564430237 0.007352123502641916 -0.01830703765153885 0.0144729595631361 0.9997006058692932
44.496925354003906 1.3723516464233398 0.3490588068962097 0.007205456029623747 -0.017639610916376114 0.014947762712836266 0.9997067451477051
45.07971954345703 1.3944814205169678 0.3649541139602661 0.007452361285686493 -0.017039356753230095 0.01545450184494257 0.9997076392173767
45.60277557373047 1.4070912599563599 0.37877580523490906 0.009835605509579182 -0.017070364207029343 0.01621955819427967 0.9996743202209473
46.145938873291016 1.427831768989563 0.40148675441741943 0.010171114467084408 -0.01693447306752205 0.016390742734074593 0.9996705055236816
46.623600006103516 1.4588199853897095 0.4156516194343567 0.008966206572949886 -0.017373790964484215 0.016853682696819305 0.9996668100357056
47.218994140625 1.48284912109375 0.43830037117004395 0.007349181454628706 -0.017670391127467155 0.017608584836125374 0.9996618032455444
47.843292236328125 1.5100088119506836 0.4610208570957184 0.006859559565782547 -0.017596935853362083 0.0180819109082222 0.9996581673622131
48.296939849853516 1.5200709104537964 0.47465360164642334 0.008356812410056591 -0.017072316259145737 0.018329543992877007 0.999651312828064
48.76030349731445 1.5428450107574463 0.4863455891609192 0.00879510398954153 -0.016820261254906654 0.018637947738170624 0.9996461272239685
49.36884307861328 1.5758092403411865 0.5081241726875305 0.007658442948013544 -0.016893619671463966 0.018559755757451057 0.9996557235717773
50.01068878173828 1.593153476715088 0.5273424983024597 0.008963988162577152 -0.017383860424160957 0.01914452761411667 0.9996254444122314
50.45417404174805 1.6141057014465332 0.5350327491760254 0.009546368382871151 -0.01872165873646736 0.019079580903053284 0.9995971322059631
50.916648864746094 1.6416791677474976 0.5387778282165527 0.007917741313576698 -0.02118472196161747 0.01968557760119438 0.9995504021644592
51.54257583618164 1.6755927801132202 0.5763256549835205 0.0070060924626886845 -0.02392410673201084 0.020290197804570198 0.9994832873344421
51.9613151550293 1.7051115036010742 0.6072131395339966 0.0059228818863630295 -0.02468172460794449 0.019096897915005684 0.9994953870773315
52.55850601196289 1.7194547653198242 0.637533962726593 0.0060117910616099834 -0.023744501173496246 0.018678201362490654 0.9995254874229431
53.01216125488281 1.741101861000061 0.6638249754905701 0.006256651598960161 -0.02171241119503975 0.01753462478518486 0.9995909333229065
53.649627685546875 1.754712700843811 0.6890660524368286 0.007868106476962566 -0.01882292702794075 0.01573018915951252 0.9996681213378906
54.08156204223633 1.762344479560852 0.6902325749397278 0.00894525833427906 -0.017421552911400795 0.014480824582278728 0.9997034072875977
54.684139251708984 1.7845287322998047 0.7074173092842102 0.00900327693670988 -0.019367635250091553 0.012829910032451153 0.9996895790100098
55.133705139160156 1.7951149940490723 0.7363490462303162 0.008704043924808502 -0.021044572815299034 0.012169386260211468 0.9996665716171265
55.743255615234375 1.8179359436035156 0.764128565788269 0.007431610953062773 -0.021544786170125008 0.0111156040802598 0.9996784925460815
56.18870162963867 1.8308985233306885 0.7847990989685059 0.007138000801205635 -0.020190026611089706 0.01103192288428545 0.9997098445892334
56.828636169433594 1.8408448696136475 0.8099945783615112 0.00811600312590599 -0.01788601651787758 0.010717877186834812 0.9997496604919434
57.241493225097656 1.8441405296325684 0.8159767389297485 0.009941927157342434 -0.016479725018143654 0.010619918815791607 0.9997584223747253
57.810359954833984 1.8525172472000122 0.8311678767204285 0.010884204879403114 -0.01706426963210106 0.010550079867243767 0.9997395277023315
58.25728225708008 1.8629556894302368 0.8420711755752563 0.013140436261892319 -0.01837821677327156 0.010785102844238281 0.999686598777771
58.8354377746582 1.8857297897338867 0.8624603748321533 0.012935709208250046 -0.0202822033315897 0.010359558276832104 0.9996569752693176
59.30154037475586 1.9018934965133667 0.8885980248451233 0.012722761370241642 -0.02103946916759014 0.010770617052912712 0.9996396899223328
59.891517639160156 1.9134865999221802 0.9140214920043945 0.012775815092027187 -0.020135285332798958 0.010381674394011497 0.9996617436408997
60.31922149658203 1.928084135055542 0.9256927371025085 0.013071252964437008 -0.019450465217232704 0.010161561891436577 0.9996737241744995
60.90522766113281 1.9208399057388306 0.9420837163925171 0.015586817637085915 -0.01983569748699665 0.009868159890174866 0.9996330738067627
61.35915756225586 1.931792974472046 0.952032744884491 0.018604768440127373 -0.021607881411910057 0.008874714374542236 0.9995540380477905
61.91627502441406 1.935260534286499 0.9841427206993103 0.020274784415960312 -0.02359725907444954 0.00786554254591465 0.9994850158691406
62.363975524902344 1.9415894746780396 0.9988393783569336 0.022780057042837143 -0.02555452287197113 0.007447439711540937 0.9993861317634583
62.913734436035156 1.9448944330215454 1.034368634223938 0.023166747763752937 -0.026331748813390732 0.006812407169491053 0.9993615746498108
63.38432693481445 1.9538719654083252 1.0724133253097534 0.02282576821744442 -0.024818992242217064 0.006586130708456039 0.9994096755981445
63.91547775268555 1.9576205015182495 1.1012380123138428 0.022075217217206955 -0.02236669696867466 0.0053651705384254456 0.9994916915893555
64.3997573852539 1.972697138786316 1.1167820692062378 0.023024991154670715 -0.019237570464611053 0.00572816701605916 0.9995334148406982
64.94888305664062 1.9671299457550049 1.1320559978485107 0.025087682530283928 -0.017407197505235672 0.005939507391303778 0.9995160698890686
65.40444946289062 1.982607364654541 1.1500517129898071 0.026859289035201073 -0.01681845262646675 0.004627747926861048 0.999487042427063
65.94007110595703 1.9828541278839111 1.1634420156478882 0.02686168998479843 -0.017330491915345192 0.004098883364349604 0.9994804859161377
66.38703155517578 1.9861154556274414 1.1864705085754395 0.025554724037647247 -0.018474342301487923 0.002963137114420533 0.9994983673095703
66.9197769165039 1.9858540296554565 1.2039051055908203 0.025583995506167412 -0.018515201285481453 0.0019065443193539977 0.9994994401931763
67.39752960205078 1.994246006011963 1.2181622982025146 0.026151496917009354 -0.017179548740386963 0.0010801480384543538 0.9995097517967224
67.92745208740234 1.9874944686889648 1.2264126539230347 0.024871593341231346 -0.016513783484697342 5.088454145152355e-06 0.9995542764663696
68.40241241455078 2.006138563156128 1.2526606321334839 0.0232229046523571 -0.016387350857257843 -0.0008737845928408206 0.9995956420898438
68.94544982910156 1.9944729804992676 1.2803281545639038 0.02377079427242279 -0.01514493953436613 -0.0010634784121066332 0.9996021389961243
69.38270568847656 1.9933018684387207 1.2807835340499878 0.024990741163492203 -0.014495763927698135 -0.001874430919997394 0.9995808601379395
69.93330383300781 1.990279197692871 1.2901525497436523 0.024243947118520737 -0.01510171964764595 -0.002741114469245076 0.9995882511138916
70.36762237548828 1.997467279434204 1.3044813871383667 0.021922871470451355 -0.015880409628152847 -0.0032772179692983627 0.9996281862258911
70.89054107666016 1.997282862663269 1.3304842710494995 0.02193375490605831 -0.01629810221493244 -0.003956241067498922 0.9996187686920166
71.3612060546875 1.9907516241073608 1.3459970951080322 0.025308502838015556 -0.017149856314063072 -0.0047126710414886475 0.9995214939117432
71.87881469726562 1.9685372114181519 1.3590391874313354 0.028514133766293526 -0.017619134858250618 -0.005321594420820475 0.9994239211082458
72.31301879882812 1.9610257148742676 1.375251054763794 0.029916757717728615 -0.01670842245221138 -0.005718156695365906 0.9993963837623596
72.86451721191406 1.9600945711135864 1.393932580947876 0.0296730138361454 -0.015198654495179653 -0.006927391979843378 0.9994201064109802
73.30364990234375 1.956934928894043 1.4150390625 0.030220093205571175 -0.013445847667753696 -0.007496798876672983 0.9994246959686279
73.78306579589844 1.9456830024719238 1.4423558712005615 0.030823644250631332 -0.01170487329363823 -0.007615990471094847 0.9994272589683533
74.14228820800781 1.9240118265151978 1.4380031824111938 0.034511420875787735 -0.010444833897054195 -0.007268649060279131 0.999323308467865
74.64673614501953 1.917965054512024 1.446602463722229 0.03468446061015129 -0.010227666236460209 -0.0074487593956291676 0.9993182420730591
74.98493957519531 1.9161672592163086 1.4475305080413818 0.03256220743060112 -0.011144967749714851 -0.007305416278541088 0.999380886554718
75.42381286621094 1.9323550462722778 1.4601033926010132 0.027858737856149673 -0.012525688856840134 -0.007363465148955584 0.9995062947273254
75.71257781982422 1.9389331340789795 1.4689158201217651 0.02528318762779236 -0.014224824495613575 -0.007500784005969763 0.999550998210907
76.25208282470703 1.9291672706604004 1.4891858100891113 0.024397296831011772 -0.01582655869424343 -0.00738903321325779 0.9995498061180115
76.38392639160156 1.9344258308410645 1.4834587574005127 0.02407379262149334 -0.018206069245934486 -0.008331193588674068 0.9995096921920776
76.78196716308594 1.9269745349884033 1.4943697452545166 0.026026234030723572 -0.022688938304781914 -0.0077174813486635685 0.9993739724159241
77.16162109375 1.8937143087387085 1.5081909894943237 0.03504167124629021 -0.028039366006851196 -0.006938043981790543 0.9989683628082275
77.40637969970703 1.8705120086669922 1.5249300003051758 0.044163450598716736 -0.03271777927875519 -0.007616703864187002 0.9984593987464905
77.6803970336914 1.8520091772079468 1.5479142665863037 0.0490085668861866 -0.0353127047419548 -0.0060319239273667336 0.9981557130813599
78.16602325439453 1.8505903482437134 1.5868995189666748 0.045714013278484344 -0.034314848482608795 -0.0054873693734407425 0.9983499646186829
78.34760284423828 1.8756059408187866 1.6044466495513916 0.03817771002650261 -0.03056229278445244 -0.004785711877048016 0.9987920522689819
78.73409271240234 1.9142636060714722 1.620702862739563 0.026064813137054443 -0.025406988337635994 -0.0028689473401755095 0.9993332624435425
79.10847473144531 1.9467827081680298 1.6312659978866577 0.018239308148622513 -0.020932426676154137 -0.001916663022711873 0.9996126890182495
79.37023162841797 1.9662071466445923 1.655818223953247 0.0176724623888731 -0.016790496185421944 0.0005730247357860208 0.9997026920318604
79.65813446044922 1.9325079917907715 1.6785458326339722 0.026692459359765053 -0.012570981867611408 0.002209261991083622 0.9995622038841248
80.11638641357422 1.9096544981002808 1.6964592933654785 0.03643786162137985 -0.008580353111028671 0.00482588866725564 0.9992874264717102
80.27980041503906 1.8909168243408203 1.6999150514602661 0.04140564054250717 -0.005925056058913469 0.005755648948252201 0.9991083145141602
80.60856628417969 1.8925178050994873 1.6959683895111084 0.040049463510513306 -0.006026723887771368 0.007056795060634613 0.9991546273231506
81.01148223876953 1.9187078475952148 1.7009259462356567 0.036142509430646896 -0.008090273477137089 0.007654153276234865 0.999284565448761
81.22278594970703 1.9332650899887085 1.682244062423706 0.03191326931118965 -0.011506656184792519 0.007990424521267414 0.9993925094604492
81.53812408447266 1.9628994464874268 1.6802161931991577 0.026674462482333183 -0.01517986785620451 0.007763780187815428 0.9994987845420837
81.95758056640625 1.989200234413147 1.690374493598938 0.02334451861679554 -0.017553193494677544 0.007382684852927923 0.9995461702346802
82.15522003173828 1.9925105571746826 1.702049732208252 0.023467551916837692 -0.018981410190463066 0.007159552536904812 0.9995187520980835
82.50487518310547 1.984041690826416 1.7210893630981445 0.027213212102651596 -0.019264396280050278 0.008722830563783646 0.9994059205055237
82.9544448852539 1.9937951564788818 1.7561558485031128 0.03043978102505207 -0.017641158774495125 0.00919942744076252 0.9993386268615723
83.18347930908203 1.9944461584091187 1.7642203569412231 0.031249042600393295 -0.014651535078883171 0.009184690192341805 0.999362051486969
83.53368377685547 2.002816915512085 1.7670210599899292 0.029829369857907295 -0.012681247666478157 0.009743564762175083 0.999427080154419
84.03482055664062 2.0304949283599854 1.7624460458755493 0.028103530406951904 -0.012839960865676403 0.010853647254407406 0.9994636178016663
84.21800231933594 2.0319955348968506 1.77041757106781 0.02728383056819439 -0.014422883279621601 0.010899132117629051 0.9994642734527588
84.60639190673828 2.0331075191497803 1.795112133026123 0.02949308604001999 -0.014958714134991169 0.011469668708741665 0.999387264251709
85.07424926757812 2.050107955932617 1.8145796060562134 0.031633347272872925 -0.0139453811571002 0.012272119522094727 0.9993268847465515
85.31861877441406 2.0458521842956543 1.8047789335250854 0.032803699374198914 -0.013430922292172909 0.012034649960696697 0.9992991089820862
85.68482208251953 2.066230297088623 1.7981233596801758 0.031664036214351654 -0.015110867097973824 0.012443541549146175 0.999306857585907
86.22772979736328 2.0858752727508545 1.8121931552886963 0.030361926183104515 -0.017882786691188812 0.012804544530808926 0.9992969632148743
86.42554473876953 2.0995349884033203 1.828474521636963 0.029437104240059853 -0.019263548776507378 0.01303739845752716 0.9992959499359131
86.82571411132812 2.112541913986206 1.8601880073547363 0.030257923528552055 -0.01843772828578949 0.013955497182905674 0.9992746710777283
87.32966613769531 2.1205191612243652 1.8681639432907104 0.03059668093919754 -0.017815886065363884 0.014406369999051094 0.9992691874504089
87.61736297607422 2.132253885269165 1.8665937185287476 0.03129155561327934 -0.019069768488407135 0.014692123048007488 0.9992203712463379
87.97625732421875 2.1503119468688965 1.8784525394439697 0.03100333735346794 -0.02023294009268284 0.015959855169057846 0.9991870522499084
88.55931091308594 2.1689302921295166 1.9112486839294434 0.02869206666946411 -0.02012604847550392 0.01562703214585781 0.9992634654045105
88.77604675292969 2.1938397884368896 1.9276280403137207 0.025891071185469627 -0.01952589675784111 0.016024477779865265 0.999345600605011
89.2178726196289 2.2078452110290527 1.9425007104873657 0.02669982612133026 -0.018258918076753616 0.017102306708693504 0.9993304014205933
89.7370376586914 2.2177703380584717 1.955086350440979 0.028428396210074425 -0.01741005852818489 0.018228018656373024 0.9992780089378357
90.082763671875 2.23907732963562 1.968828797340393 0.029360825195908546 -0.015961814671754837 0.01738285832107067 0.9992902874946594
90.39558410644531 2.2444753646850586 1.9766329526901245 0.028492122888565063 -0.015197265893220901 0.01857183873653412 0.9993059039115906
91.04287719726562 2.2839434146881104 1.9874608516693115 0.02770794741809368 -0.015703769400715828 0.01689743995666504 0.9993498921394348
91.22643280029297 2.2944860458374023 1.998060941696167 0.023396233096718788 -0.017534254118800163 0.016377555206418037 0.9994383454322815
91.7584457397461 2.3151004314422607 2.0132389068603516 0.02215414308011532 -0.019524484872817993 0.01634558103978634 0.999430239200592
92.20697784423828 2.3412251472473145 2.02787446975708 0.0219890009611845 -0.021825822070240974 0.015476986765861511 0.9994001388549805
92.61170196533203 2.338730573654175 2.0383307933807373 0.02418321743607521 -0.023935338482260704 0.01555473543703556 0.999299943447113
92.90469360351562 2.3454365730285645 2.0511562824249268 0.024991462007164955 -0.025137189775705338 0.01407298631966114 0.9992724657058716
93.57691955566406 2.365518808364868 2.083669900894165 0.024661408737301826 -0.025788012892007828 0.01386925857514143 0.9992669820785522
93.80318450927734 2.375509023666382 2.107607841491699 0.026421913877129555 -0.0242089182138443 0.01381162740290165 0.999262273311615
94.3553237915039 2.3931212425231934 2.129707098007202 0.025103308260440826 -0.02254624105989933 0.01325950212776661 0.9993426203727722
94.81904602050781 2.409085273742676 2.152806043624878 0.022296465933322906 -0.020560555160045624 0.012070978060364723 0.9994670748710632
95.2440414428711 2.4293646812438965 2.1684646606445312 0.02099699154496193 -0.019524376839399338 0.012179088778793812 0.9995146989822388
95.58882141113281 2.43837571144104 2.18135666847229 0.023942535743117332 -0.01832481473684311 0.012178778648376465 0.9994711875915527
96.21208190917969 2.454909324645996 2.202575206756592 0.023129841312766075 -0.017385900020599365 0.01181345246732235 0.9995114803314209
96.48773956298828 2.4419615268707275 2.1955325603485107 0.025110755115747452 -0.01910712756216526 0.012052804231643677 0.9994294047355652
97.02368927001953 2.4838674068450928 2.228843927383423 0.024600178003311157 -0.02023579366505146 0.012190988287329674 0.9994181990623474
97.54405975341797 2.480195999145508 2.2551214694976807 0.020748641341924667 -0.020150547847151756 0.010573978535830975 0.9995257258415222
97.97074890136719 2.524705410003662 2.263221502304077 0.01757790334522724 -0.019991600885987282 0.01101948693394661 0.9995849132537842
98.31900787353516 2.5242977142333984 2.2794837951660156 0.018190117552876472 -0.019449785351753235 0.011022877879440784 0.9995846152305603
99.00334167480469 2.5332138538360596 2.301544666290283 0.020085278898477554 -0.01803234964609146 0.008527257479727268 0.999599277973175
99.2401351928711 2.527615785598755 2.3215229511260986 0.021845461800694466 -0.015517259947955608 0.00922426488250494 0.9995983839035034
99.80939483642578 2.5265634059906006 2.328625440597534 0.021811343729496002 -0.013475477695465088 0.005718556698411703 0.9996548891067505
100.31675720214844 2.538762331008911 2.3364176750183105 0.02102430909872055 -0.014133913442492485 0.004703046288341284 0.9996680021286011
100.73320770263672 2.5562925338745117 2.356426239013672 0.020505303516983986 -0.015039725229144096 0.004553912673145533 0.9996662735939026
101.08314514160156 2.5570240020751953 2.35248064994812 0.019078748300671577 -0.01722492277622223 0.002688445383682847 0.9996659755706787
101.81053924560547 2.5545008182525635 2.3865907192230225 0.018012022599577904 -0.019298948347568512 0.0018547000363469124 0.9996497631072998
101.98734283447266 2.5596344470977783 2.386594533920288 0.01920587196946144 -0.020380977541208267 0.001015429850667715 0.999607264995575
102.56761169433594 2.562304973602295 2.410038471221924 0.020827269181609154 -0.021201353520154953 -0.0009748631273396313 0.9995577931404114
103.07559204101562 2.541999101638794 2.434248208999634 0.022966474294662476 -0.020857378840446472 -0.0010393783450126648 0.999518096446991
103.48464965820312 2.5309560298919678 2.4543838500976562 0.025397658348083496 -0.019940156489610672 -0.0028349468484520912 0.9994745254516602
103.83418273925781 2.537930727005005 2.468749523162842 0.025021584704518318 -0.017850251868367195 -0.0021981808822602034 0.9995251297950745
104.36962890625 2.5525364875793457 2.499455451965332 0.02006656304001808 -0.016144653782248497 -0.0029488736763596535 0.9996639490127563
104.75167083740234 2.559983015060425 2.506260395050049 0.021268902346491814 -0.014418191276490688 -0.0023977404925972223 0.9996669888496399
105.22840118408203 2.554307699203491 2.526264190673828 0.021972503513097763 -0.013039126992225647 -0.0015874262899160385 0.9996722936630249
105.81917572021484 2.539463758468628 2.541290760040283 0.023441867902874947 -0.011085695587098598 -0.0005172548117116094 0.9996636509895325
106.0458984375 2.542930841445923 2.532109260559082 0.02710576541721821 -0.01072204764932394 -0.00019884685752913356 0.9995750188827515
106.54318237304688 2.540872097015381 2.5402650833129883 0.027289124205708504 -0.01224000658839941 0.0010972938034683466 0.9995520710945129
107.05596160888672 2.547637701034546 2.5564098358154297 0.025097819045186043 -0.01439681462943554 0.0015993013512343168 0.9995800852775574
107.2549819946289 2.5721254348754883 2.5685510635375977 0.023221269249916077 -0.01635957509279251 0.0010040121851488948 0.9995959997177124
107.78163146972656 2.585927724838257 2.597170829772949 0.02195890061557293 -0.01672688126564026 0.0015758064109832048 0.9996176958084106
108.239990234375 2.569624423980713 2.5933315753936768 0.0240049846470356 -0.017713351175189018 0.001890429062768817 0.9995531439781189
108.49545288085938 2.5768864154815674 2.598532199859619 0.026272939518094063 -0.01970723830163479 0.0013678250834345818 0.9994596242904663
108.86416625976562 2.593303918838501 2.625509738922119 0.028705602511763573 -0.01978435553610325 0.0026969341561198235 0.9993884563446045
109.31689453125 2.5620996952056885 2.640629291534424 0.02857286110520363 -0.01880626194179058 0.0020986737217754126 0.9994125962257385
109.7072982788086 2.601105213165283 2.6602706909179688 0.026014845818281174 -0.017827309668064117 0.0015769564779475331 0.9995013475418091
110.07498931884766 2.592529773712158 2.6714651584625244 0.022879883646965027 -0.01779494620859623 0.0028791651129722595 0.999575674533844
110.5593490600586 2.5922608375549316 2.6809048652648926 0.020437050610780716 -0.01825643703341484 0.0023826579563319683 0.9996216297149658
110.8099365234375 2.607640266418457 2.703082799911499 0.021910134702920914 -0.018763914704322815 0.0025655506178736687 0.9995805621147156
111.16008758544922 2.592276096343994 2.7107434272766113 0.024082811549305916 -0.018172815442085266 0.0029697988647967577 0.999540388584137
111.69158172607422 2.590653419494629 2.72051739692688 0.024752629920840263 -0.01841314136981964 0.003266381798312068 0.9995186924934387
111.94234466552734 2.604710817337036 2.7377138137817383 0.024303754791617393 -0.01827753148972988 0.0025798643473535776 0.9995341897010803
112.3226318359375 2.621090888977051 2.74651837348938 0.022474486380815506 -0.018143795430660248 0.002863291185349226 0.9995786547660828
112.81026458740234 2.6205923557281494 2.766242265701294 0.022906914353370667 -0.018199019134044647 0.0032861477229744196 0.9995665550231934
113.1063003540039 2.6275577545166016 2.780400514602661 0.021896809339523315 -0.017800932750105858 0.0030047690961509943 0.9995972514152527
113.40027618408203 2.625321865081787 2.789752721786499 0.020820938050746918 -0.017382903024554253 0.0029607440810650587 0.9996277689933777
113.85904693603516 2.639585494995117 2.804717540740967 0.021470973268151283 -0.017591455951333046 0.0035803441423922777 0.9996082782745361
114.23259735107422 2.6431477069854736 2.8079538345336914 0.023368963971734047 -0.018346548080444336 0.004551620222628117 0.9995481967926025
114.51141357421875 2.6391453742980957 2.8173975944519043 0.022533686831593513 -0.019789528101682663 0.004937740508466959 0.999538004398346
115.08670806884766 2.6724095344543457 2.852224111557007 0.02292419597506523 -0.019979169592261314 0.0064857215620577335 0.999516487121582
115.33106231689453 2.6665823459625244 2.861138105392456 0.022732306271791458 -0.019376207143068314 0.00822026003152132 0.9995200037956238
115.6904067993164 2.6717448234558105 2.8735623359680176 0.023280659690499306 -0.018263161182403564 0.010483079589903355 0.9995071887969971
