0.16863685846328735 -0.009303988888859749 0.002621925203129649 0.000942867249250412 -0.0007642973214387894 0.0005041676922701299 0.9999991655349731
0.46161341667175293 0.008261371403932571 0.008749241940677166 0.0015255209291353822 -0.0009069943334907293 0.0005937154637649655 0.9999982714653015
0.5758612155914307 0.0010554377222433686 0.00966708641499281 0.0018311202293261886 -0.0004117113712709397 0.001092072925530374 0.9999976754188538
0.8890649080276489 0.005428194534033537 0.012021971866488457 0.0020197026897221804 0.00016801097081042826 0.0017837458290159702 0.9999964237213135
1.1177549362182617 0.0036986509803682566 0.0038557678926736116 0.0028825406916439533 0.0004956251359544694 0.002306414535269141 0.999993085861206
1.336565613746643 0.0004402153426781297 0.0038767873775213957 0.003730488009750843 0.0006574540748260915 0.002669281093403697 0.9999892711639404
1.5614961385726929 0.007864587940275669 0.0007899680058471859 0.004448538180440664 0.0008101186831481755 0.003284537000581622 0.9999843835830688
1.779691457748413 0.00903964601457119 -0.003610913408920169 0.0043897428549826145 0.0006249319412745535 0.0036408230662345886 0.999983549118042
2.0036563873291016 0.020620692521333694 -0.012034980580210686 0.0032926779240369797 -0.00031205613049678504 0.003883179510012269 0.999987006187439
2.2215099334716797 0.028579264879226685 -0.012028905563056469 0.002124632941558957 -0.0011497203959152102 0.004646866116672754 0.9999862909317017
2.46203875541687 0.03551425784826279 -0.005461718421429396 0.0020207108464092016 -0.001025100238621235 0.005137329455465078 0.9999842643737793
2.658231496810913 0.03366686403751373 -0.0012805387377738953 0.003053960856050253 -0.000490243430249393 0.005975351203233004 0.9999774098396301
2.907517671585083 0.032917674630880356 -0.0020397144835442305 0.0040157814510166645 -5.174916805117391e-05 0.006203891709446907 0.9999727010726929
3.138936758041382 0.04016278684139252 -0.0072811017744243145 0.004522169940173626 -0.0003049446677323431 0.006679716054350138 0.9999674558639526
3.3809187412261963 0.04686327651143074 -0.003946992568671703 0.004424279555678368 -0.0006981755141168833 0.007091131992638111 0.9999648332595825
3.607908010482788 0.051321253180503845 -0.006498216651380062 0.0038319192826747894 -0.0007561530219390988 0.0076798140071332455 0.9999629259109497
3.8436455726623535 0.06272763758897781 -0.01039918977767229 0.0035697503481060266 -0.0010188649175688624 0.008371270261704922 0.9999580979347229
4.092259883880615 0.06576196849346161 -0.009557314217090607 0.004148451145738363 -0.0013545203255489469 0.00887436605989933 0.9999511241912842
4.338632106781006 0.07839318364858627 -0.01221904531121254 0.0046056113205850124 -0.0018136502476409078 0.008969874121248722 0.9999475479125977
4.582061767578125 0.08019286394119263 -0.013820932246744633 0.004265014547854662 -0.0024829802569001913 0.009332997724413872 0.9999443292617798
4.813652038574219 0.08951204270124435 -0.006395541597157717 0.0031586785335093737 -0.002361140912398696 0.009324691258370876 0.9999487996101379
5.069186687469482 0.09744316339492798 -0.008426971733570099 0.0025638332590460777 -0.001922580529935658 0.009306928142905235 0.9999516010284424
5.345423221588135 0.10598883777856827 -0.009995432570576668 0.0025731464847922325 -0.001644924865104258 0.009338832460343838 0.9999517798423767
5.597517013549805 0.10846412926912308 -0.006298367865383625 0.0030319299548864365 -0.0014024650445207953 0.009310062974691391 0.9999511241912842
5.850432395935059 0.11145298182964325 -0.009839342907071114 0.0033238609321415424 -0.0012699887156486511 0.009324253536760807 0.9999502301216125
6.117972373962402 0.12241093814373016 -0.010417320765554905 0.003169155679643154 -0.0015600610058754683 0.009255258366465569 0.9999509453773499
6.361155986785889 0.13036780059337616 -0.00956851989030838 0.0028571293223649263 -0.0015278783394023776 0.009244750253856182 0.9999520182609558
6.635850429534912 0.13919058442115784 -0.01229347474873066 0.002510888036340475 -0.001418674597516656 0.009227016009390354 0.9999533295631409
6.901381015777588 0.14520318806171417 -0.012637917883694172 0.0027266466058790684 -0.001490071532316506 0.009301828220486641 0.999951958656311
7.184953689575195 0.14810116589069366 -0.010599417611956596 0.003322129137814045 -0.0016652788035571575 0.009398223832249641 0.9999489784240723
7.451007843017578 0.15610983967781067 -0.008218659088015556 0.003454395569860935 -0.0016576654743403196 0.00928027555346489 0.9999496340751648
7.732210636138916 0.161001056432724 -0.009607799351215363 0.003197141457349062 -0.0011811042204499245 0.009115728549659252 0.9999526739120483
7.99828577041626 0.16810190677642822 -0.015150575898587704 0.002559634391218424 -0.0010087708942592144 0.008687657304108143 0.9999585151672363
8.277132034301758 0.17831386625766754 -0.015681905671954155 0.002655826508998871 -0.0015398969408124685 0.00777817890048027 0.9999650716781616
8.546638488769531 0.17954392731189728 -0.013281045481562614 0.003263604361563921 -0.002022848464548588 0.00677728233858943 0.9999697208404541
8.826729774475098 0.1735537201166153 -0.011811618693172932 0.004542943090200424 -0.002106694271788001 0.004605296533554792 0.9999769330024719
9.09897232055664 0.17217890918254852 -0.013503549620509148 0.006146760657429695 -0.002172840526327491 0.0023971740156412125 0.9999759197235107
9.384576797485352 0.16917845606803894 -0.01486773882061243 0.006766067817807198 -0.00236188480630517 -0.00046312797348946333 0.999974250793457
9.66880989074707 0.160979762673378 -0.01604703813791275 0.006196633446961641 -0.0029581368435174227 -0.0033106370829045773 0.9999709725379944
9.937246322631836 0.16365978121757507 -0.015956662595272064 0.005249462556093931 -0.004153307992964983 -0.005785388872027397 0.9999608993530273
10.191621780395508 0.15651921927928925 -0.012267344631254673 0.004125817678868771 -0.005243928171694279 -0.008499580435454845 0.9999416470527649
10.487834930419922 0.14155974984169006 -0.009009933099150658 0.004324768669903278 -0.0051591363735497 -0.011938987299799919 0.9999061226844788
10.795652389526367 0.12721312046051025 -0.006944793276488781 0.00522666797041893 -0.004713729489594698 -0.01573951542377472 0.999851405620575
11.053733825683594 0.10867131501436234 -0.010714803822338581 0.006488018669188023 -0.004590125754475594 -0.01911943592131138 0.9997856616973877
11.330940246582031 0.09317167103290558 -0.007952187210321426 0.007209460251033306 -0.004776972811669111 -0.022458624094724655 0.9997103810310364
11.61038589477539 0.06679607182741165 -0.011671607382595539 0.008368220180273056 -0.005176035221666098 -0.025782311335206032 0.99961918592453
11.872203826904297 0.049401476979255676 -0.004659148398786783 0.00935434177517891 -0.005286660511046648 -0.028812093660235405 0.999527096748352
12.156563758850098 0.022603414952754974 -0.006223246455192566 0.010723900981247425 -0.005297988653182983 -0.03173918277025223 0.9994246363639832
12.420862197875977 0.0011986768804490566 0.0010055613238364458 0.011598099954426289 -0.005179460160434246 -0.034103672951459885 0.9993376135826111
12.68722915649414 -0.02498471736907959 0.004350145347416401 0.012336657382547855 -0.004961087834089994 -0.03615135699510574 0.9992579221725464
12.939340591430664 -0.04133148863911629 0.0046417904086411 0.011641375720500946 -0.005363894626498222 -0.03812131658196449 0.9991909265518188
13.198064804077148 -0.06295932829380035 0.004054669290781021 0.011490868404507637 -0.0060822139494121075 -0.03969189152121544 0.9991273880004883
13.429093360900879 -0.07927213609218597 0.0005135759711265564 0.012766165658831596 -0.007049564737826586 -0.041218943893909454 0.9990437030792236
13.700495719909668 -0.10933859646320343 0.007579294964671135 0.013625395484268665 -0.008472716435790062 -0.04264471307396889 0.9989614486694336
13.926569938659668 -0.12977027893066406 0.011898602358996868 0.01417583879083395 -0.009380458854138851 -0.043867144733667374 0.9988927841186523
14.170514106750488 -0.14876358211040497 0.015493055805563927 0.013609988614916801 -0.010681115090847015 -0.04484090954065323 0.99884432554245
14.390209197998047 -0.1717948466539383 0.013544433750212193 0.014472977258265018 -0.011987931095063686 -0.04544050246477127 0.9987902641296387
14.64353084564209 -0.19753627479076385 0.020856721326708794 0.016553888097405434 -0.013561846688389778 -0.04551098868250847 0.9987345933914185
14.826783180236816 -0.22501829266548157 0.027485957369208336 0.019171928986907005 -0.014335952699184418 -0.044776108115911484 0.9987101554870605
15.051568031311035 -0.2523759603500366 0.03033030591905117 0.022325590252876282 -0.015278693288564682 -0.04274722933769226 0.9987196326255798
15.246180534362793 -0.2704758048057556 0.03830144554376602 0.024378400295972824 -0.0159476175904274 -0.04032459482550621 0.9987618923187256
15.468512535095215 -0.2797761857509613 0.04229040443897247 0.025239942595362663 -0.01673765853047371 -0.036195799708366394 0.9988857507705688
15.670002937316895 -0.28239110112190247 0.048285871744155884 0.02498350664973259 -0.017559723928570747 -0.031939081847667694 0.9990231990814209
15.864182472229004 -0.2844029366970062 0.04907381534576416 0.024883722886443138 -0.018528403714299202 -0.026529010385274887 0.9991664886474609
16.056486129760742 -0.2787845730781555 0.058156318962574005 0.025758806616067886 -0.019279800355434418 -0.020765068009495735 0.9992665648460388
16.26287078857422 -0.2784709334373474 0.06540759652853012 0.0271195936948061 -0.019735386595129967 -0.013595648109912872 0.9993449449539185
16.430906295776367 -0.27723562717437744 0.06565037369728088 0.028679946437478065 -0.020660676062107086 -0.007578268181532621 0.9993463754653931
16.602962493896484 -0.2665078043937683 0.07406387478113174 0.029639126732945442 -0.02227683737874031 -0.0008462698315270245 0.9993120431900024
16.779104232788086 -0.24209098517894745 0.08698688447475433 0.029465751722455025 -0.023318473249673843 0.006312990561127663 0.9992738366127014
16.946514129638672 -0.23077458143234253 0.0950760692358017 0.0289356280118227 -0.02377142943441868 0.013412168249487877 0.9992085695266724
17.116174697875977 -0.21002820134162903 0.1052778884768486 0.029021916911005974 -0.023946262896060944 0.021265672519803047 0.999065637588501
17.28545570373535 -0.18677134811878204 0.11364156007766724 0.029829276725649834 -0.02401917614042759 0.029679959639906883 0.9988255500793457
17.44008445739746 -0.1639879196882248 0.1177818700671196 0.030832339078187943 -0.024309024214744568 0.03805539384484291 0.9985039830207825
17.61464500427246 -0.13589802384376526 0.12295139580965042 0.03208855167031288 -0.024837013334035873 0.04822723567485809 0.9980118274688721
17.773656845092773 -0.09705616533756256 0.13199961185455322 0.032792992889881134 -0.025812525302171707 0.058201566338539124 0.9974321722984314
17.9400691986084 -0.05667327344417572 0.14269745349884033 0.03295254334807396 -0.026749661192297935 0.0692267119884491 0.9966976642608643
18.107742309570312 -0.009897878393530846 0.15359976887702942 0.033707622438669205 -0.027409056201577187 0.08075243979692459 0.9957869648933411
18.266529083251953 0.039873868227005005 0.15992093086242676 0.033788688480854034 -0.028128212317824364 0.09194894134998322 0.9947926998138428
18.42818832397461 0.08983445167541504 0.1672263741493225 0.03416220471262932 -0.029469748958945274 0.10408113151788712 0.9935449957847595
18.596630096435547 0.1587989628314972 0.18285267055034637 0.03434443846344948 -0.03067810833454132 0.11697480082511902 0.9920666813850403
18.76569175720215 0.22746366262435913 0.19752390682697296 0.03470989689230919 -0.03151809424161911 0.1311577558517456 0.9902522563934326
18.926584243774414 0.29336997866630554 0.2122543305158615 0.03550641983747482 -0.031849462538957596 0.14397653937339783 0.988430917263031
19.095685958862305 0.37198853492736816 0.2286897748708725 0.0367903932929039 -0.03155207261443138 0.15848605334758759 0.9861709475517273
19.272579193115234 0.4596611261367798 0.24248622357845306 0.03791975975036621 -0.030837681144475937 0.17311111092567444 0.9836887717247009
19.443729400634766 0.5495240688323975 0.25747838616371155 0.03897399082779884 -0.03020532615482807 0.1885892152786255 0.980817437171936
19.609792709350586 0.6420772671699524 0.2724931836128235 0.04093153402209282 -0.02944839745759964 0.20340490341186523 0.977795422077179
19.781179428100586 0.744340181350708 0.2858576476573944 0.04332792013883591 -0.028898105025291443 0.21929913759231567 0.9742666482925415
19.950489044189453 0.8539434671401978 0.29970037937164307 0.04504023492336273 -0.028438160195946693 0.23471800982952118 0.9706029295921326
20.096935272216797 0.9592617750167847 0.31478333473205566 0.047126054763793945 -0.02799702249467373 0.24951249361038208 0.9668189287185669
20.271745681762695 1.0835148096084595 0.333549439907074 0.049576107412576675 -0.027695931494235992 0.2658809423446655 0.9623318314552307
20.43057632446289 1.2155826091766357 0.3512755036354065 0.050741467624902725 -0.02695748209953308 0.2818191647529602 0.9577455520629883
20.58209991455078 1.347460389137268 0.3678494393825531 0.050750333815813065 -0.026231437921524048 0.2971527576446533 0.9531193971633911
20.710533142089844 1.477254867553711 0.3839591145515442 0.050684213638305664 -0.026630401611328125 0.31158748269081116 0.9484910368919373
20.8609619140625 1.6293113231658936 0.40615612268447876 0.0511767715215683 -0.02757408656179905 0.3287058174610138 0.94264155626297
20.98728370666504 1.7614299058914185 0.42560240626335144 0.0526604950428009 -0.02813090942800045 0.34355980157852173 0.9372311234474182
21.11539649963379 1.9130021333694458 0.44367820024490356 0.05465726554393768 -0.028592869639396667 0.3594137132167816 0.9311373829841614
21.243066787719727 2.062457799911499 0.46399199962615967 0.0561571829020977 -0.028521602973341942 0.3751891553401947 0.9248059391975403
21.35435676574707 2.2142295837402344 0.47668957710266113 0.05722566321492195 -0.028818216174840927 0.3906080722808838 0.9183246493339539
21.460002899169922 2.3674192428588867 0.4940134286880493 0.05747867748141289 -0.0294919703155756 0.404831200838089 0.912106454372406
21.558542251586914 2.5368199348449707 0.5112683176994324 0.057375967502593994 -0.030560143291950226 0.4203619360923767 0.9050248265266418
21.65838623046875 2.6948413848876953 0.5333071947097778 0.057471826672554016 -0.03080747090280056 0.43442702293395996 0.898343563079834
21.76111602783203 2.867572069168091 0.5512753129005432 0.05844835191965103 -0.02993990108370781 0.4492669999599457 0.8909807205200195
21.8492431640625 3.0342979431152344 0.5717942714691162 0.059939950704574585 -0.029446497559547424 0.4630398750305176 0.8838180303573608
21.930749893188477 3.207422971725464 0.5949955582618713 0.059217724949121475 -0.029638461768627167 0.4765029847621918 0.8766753673553467
21.99829864501953 3.3818888664245605 0.616908609867096 0.05715010315179825 -0.030371198430657387 0.4887550175189972 0.8700172901153564
22.0689640045166 3.5715885162353516 0.6420469284057617 0.05441523715853691 -0.030767546966671944 0.501217246055603 0.8630606532096863
22.137943267822266 3.737715244293213 0.6604539752006531 0.053183987736701965 -0.030018433928489685 0.5121219158172607 0.8567388653755188
22.209888458251953 3.923008918762207 0.6765086054801941 0.05344945937395096 -0.029100412502884865 0.5237385630607605 0.8497024774551392
22.2894344329834 4.152115821838379 0.7048972845077515 0.053702566772699356 -0.02982356958091259 0.5367919206619263 0.8414755463600159
22.334735870361328 4.286031723022461 0.7245393991470337 0.0528407022356987 -0.030115067958831787 0.5435270667076111 0.8371853232383728
22.38517189025879 4.4614081382751465 0.745856761932373 0.05128056928515434 -0.029681749641895294 0.5522670149803162 0.8315590023994446
22.462501525878906 4.719496250152588 0.7767884731292725 0.049774013459682465 -0.028902683407068253 0.5644996762275696 0.8234241008758545
22.49591064453125 4.8329877853393555 0.7842788100242615 0.04922757297754288 -0.026806700974702835 0.5691710710525513 0.8203062415122986
22.547317504882812 5.020864486694336 0.8096339702606201 0.047839902341365814 -0.02545500174164772 0.5765273571014404 0.8152788281440735
22.601503372192383 5.262303352355957 0.8379201889038086 0.04512263461947441 -0.024523409083485603 0.5856584310531616 0.808929443359375
22.62755012512207 5.405865669250488 0.8546229600906372 0.041478317230939865 -0.023674769327044487 0.5901594758033752 0.8058726787567139
22.660707473754883 5.570311546325684 0.8654972314834595 0.039047516882419586 -0.022824933752417564 0.5958533883094788 0.8018186688423157
22.712326049804688 5.812406063079834 0.8827893733978271 0.037815552204847336 -0.021673306822776794 0.603851854801178 0.7959039211273193
22.733566284179688 5.918403625488281 0.8942263126373291 0.036824509501457214 -0.02008350007236004 0.6065329909324646 0.7939510345458984
22.766460418701172 6.0822553634643555 0.9118912220001221 0.03479556739330292 -0.018306352198123932 0.6110342741012573 0.7906271815299988
22.811159133911133 6.2983269691467285 0.9227203130722046 0.03332299366593361 -0.0158182792365551 0.6166713237762451 0.7863560914993286
22.833967208862305 6.416306972503662 0.9284343719482422 0.03234073892235756 -0.013299848884344101 0.619408369064331 0.7842897772789001
22.864437103271484 6.588306427001953 0.9441261887550354 0.03077126480638981 -0.011267964728176594 0.6234233379364014 0.7811975479125977
22.89811134338379 6.816919326782227 0.9680197238922119 0.027573537081480026 -0.00951862521469593 0.6289651989936829 0.776885986328125
22.897262573242188 6.885374546051025 0.9736215472221375 0.02397589385509491 -0.007885043509304523 0.6303347945213318 0.7759130597114563
22.921850204467773 7.068541049957275 0.978082001209259 0.02144463360309601 -0.006304777693003416 0.6343860030174255 0.7726932168006897
22.945528030395508 7.232966423034668 0.983599066734314 0.020046377554535866 -0.004602937493473291 0.6384208798408508 0.769412636756897
22.957103729248047 7.325015544891357 0.9847071170806885 0.019384989514946938 -0.0025861156173050404 0.6402929425239563 0.7678818106651306
22.97534942626953 7.433539867401123 0.9881123304367065 0.019212523475289345 -0.0008833158062770963 0.6430360674858093 0.7655943632125854
22.991477966308594 7.573291301727295 0.9958717823028564 0.018427206203341484 -0.0001359809684799984 0.6464219689369202 0.7627575397491455
22.9952449798584 7.63629674911499 0.9995498061180115 0.017191972583532333 0.00031553898588754237 0.6479756236076355 0.7614669799804688
22.999542236328125 7.7346649169921875 1.0062518119812012 0.01568811759352684 0.00025215386995114386 0.6505082845687866 0.7593371272087097
23.00737762451172 7.870849132537842 1.011889100074768 0.013657769188284874 -0.0005634801345877349 0.6536703705787659 0.7566558718681335
23.008058547973633 7.927837371826172 1.0139083862304688 0.012055766768753529 -0.0010349099757149816 0.6551682353019714 0.7553861141204834
23.00929069519043 8.021289825439453 1.0174261331558228 0.010734964162111282 -0.0011228652438148856 0.6573503613471985 0.7535079121589661
23.022600173950195 8.152567863464355 1.0183944702148438 0.009858212433755398 -0.00021198156173340976 0.6606087684631348 0.7506656050682068
23.0319881439209 8.21613883972168 1.0162261724472046 0.009661415591835976 0.002013107528910041 0.6620922088623047 0.7493574023246765
23.039445877075195 8.321351051330566 1.021192193031311 0.009256059303879738 0.00481572188436985 0.664595365524292 0.7471306324005127
23.043989181518555 8.462721824645996 1.026827335357666 0.00770515576004982 0.006821461487561464 0.6678367257118225 0.7442366480827332
23.049463272094727 8.529926300048828 1.025882363319397 0.00622424716129899 0.00881949719041586 0.6697183847427368 0.742536723613739
23.053386688232422 8.630362510681152 1.0255011320114136 0.00529445381835103 0.010873707011342049 0.6724085211753845 0.7400814294815063
23.055557250976562 8.756367683410645 1.0234794616699219 0.004402705002576113 0.012598825618624687 0.676075279712677 0.7367116808891296
23.060745239257812 8.815195083618164 1.0177509784698486 0.003932580817490816 0.013791450299322605 0.6779049634933472 0.7350096702575684
23.057209014892578 8.901556015014648 1.014325737953186 0.003749924711883068 0.014415508136153221 0.6808940768241882 0.7322304248809814
23.053821563720703 9.037877082824707 1.0139458179473877 0.0031965875532478094 0.015020642429590225 0.6858622431755066 0.7275694012641907
23.05257225036621 9.092535972595215 1.0167073011398315 0.002229666104540229 0.01720915175974369 0.6880621910095215 0.7254441976547241
23.05399513244629 9.220768928527832 1.0183724164962769 0.0010949649149551988 0.020170580595731735 0.6921919584274292 0.7214307188987732
23.04987907409668 9.380786895751953 1.0164916515350342 2.059743201243691e-05 0.023568104952573776 0.6982251405715942 0.7154902219772339
23.043230056762695 9.461910247802734 1.0146626234054565 -0.0009150037658400834 0.026472650468349457 0.7008789777755737 0.7127882242202759
23.033313751220703 9.602288246154785 1.0106134414672852 -0.0020779515616595745 0.02851124107837677 0.7070171236991882 0.7066184282302856
23.00961685180664 9.800833702087402 1.004029393196106 -0.0035025833640247583 0.030325861647725105 0.7146578431129456 0.6988077163696289
22.98038101196289 9.894856452941895 1.0021089315414429 -0.005350814666599035 0.03205743059515953 0.7197132706642151 0.6935102939605713
22.954113006591797 10.042808532714844 0.9996113181114197 -0.007648779079318047 0.03413669764995575 0.7265670299530029 0.6862044930458069
22.908428192138672 10.263252258300781 0.9945935010910034 -0.010227357037365437 0.03617605194449425 0.7374700307846069 0.6743327379226685
22.870365142822266 10.382536888122559 0.9931135773658752 -0.013734692707657814 0.0377233549952507 0.7427600622177124 0.6683530211448669
22.807878494262695 10.54275131225586 0.9979365468025208 -0.01868409663438797 0.03740733116865158 0.7512543797492981 0.6586869359016418
22.743452072143555 10.761832237243652 0.9771120548248291 -0.022984957322478294 0.03757625073194504 0.7626440525054932 0.6453167796134949
22.7004451751709 10.876431465148926 0.9712551832199097 -0.025157561525702477 0.03812890127301216 0.7679694890975952 0.6388552784919739
22.636266708374023 11.042610168457031 0.956912636756897 -0.026058413088321686 0.0394035242497921 0.776526153087616 0.6283116340637207
22.543270111083984 11.277359962463379 0.9425157904624939 -0.027046632021665573 0.0393519289791584 0.7881222367286682 0.6136637926101685
22.485925674438477 11.38314437866211 0.9285789728164673 -0.028965171426534653 0.037612639367580414 0.7933003306388855 0.6069768667221069
22.396602630615234 11.555506706237793 0.914387047290802 -0.03008665330708027 0.03560864180326462 0.801691472530365 0.5959174036979675
22.29224967956543 11.779908180236816 0.8913710713386536 -0.03040834702551365 0.035326939076185226 0.8122135400772095 0.5814949870109558
22.235746383666992 11.904215812683105 0.8786717057228088 -0.02938544750213623 0.036532916128635406 0.8180346488952637 0.5732548832893372
22.146427154541016 12.072260856628418 0.868497908115387 -0.0273087527602911 0.037577275186777115 0.8247765898704529 0.5635474920272827
22.004638671875 12.322298049926758 0.851729154586792 -0.025589963421225548 0.03647066652774811 0.8358013033866882 0.547221302986145
21.952585220336914 12.402809143066406 0.8432644605636597 -0.024936705827713013 0.034079987555742264 0.8394840359687805 0.5417409539222717
21.810754776000977 12.59032154083252 0.8283620476722717 -0.02435416355729103 0.031271155923604965 0.8480665683746338 0.5284052491188049
21.648326873779297 12.831393241882324 0.8013758659362793 -0.02374565601348877 0.02931949310004711 0.8576507568359375 0.5128466486930847
21.55158805847168 12.953803062438965 0.7871547937393188 -0.022893009707331657 0.028609706088900566 0.8634426593780518 0.5031144022941589
21.402135848999023 13.143360137939453 0.7669734954833984 -0.021192725747823715 0.02821502275764942 0.8709524869918823 0.4900985360145569
21.1922550201416 13.384522438049316 0.7484949231147766 -0.01942157745361328 0.02604319341480732 0.8810874223709106 0.4718364179134369
21.08698844909668 13.494556427001953 0.7378203868865967 -0.018399937078356743 0.022584740072488785 0.8857967257499695 0.4631583094596863
20.869930267333984 13.690423965454102 0.7229721546173096 -0.018088679760694504 0.017867552116513252 0.8942531943321228 0.4468386769294739
20.62245750427246 13.925414085388184 0.7023129463195801 -0.018387766554951668 0.013147304765880108 0.9041252136230469 0.4266693592071533
20.470224380493164 14.040276527404785 0.6919292211532593 -0.019670208916068077 0.009660931304097176 0.9099480509757996 0.4141428768634796
20.264867782592773 14.206137657165527 0.6719418168067932 -0.019908852875232697 0.00879098754376173 0.9169433116912842 0.39842361211776733
19.962909698486328 14.454853057861328 0.6529209613800049 -0.018396122381091118 0.008808165788650513 0.9270672798156738 0.3743397891521454
19.79152488708496 14.55687141418457 0.6495494246482849 -0.01713576726615429 0.007521441671997309 0.9316441416740417 0.36288982629776
19.53068733215332 14.731388092041016 0.6362178325653076 -0.01680452562868595 0.005610710941255093 0.9391642808914185 0.34301120042800903
19.182453155517578 14.932587623596191 0.6194791793823242 -0.016332795843482018 0.002652724739164114 0.9477289319038391 0.3186473250389099
19.001052856445312 15.023300170898438 0.6079355478286743 -0.016246404498815536 -0.00038496131310239434 0.9521173238754272 0.3053007423877716
18.709190368652344 15.143139839172363 0.5961418747901917 -0.016011619940400124 -0.004452381283044815 0.9574819803237915 0.28801408410072327
18.29575538635254 15.343818664550781 0.5743620991706848 -0.016014302149415016 -0.008325442671775818 0.964958131313324 0.2617826461791992
18.130062103271484 15.39258861541748 0.562380850315094 -0.014765621162950993 -0.010435923002660275 0.9669942855834961 0.2541557252407074
17.815013885498047 15.524423599243164 0.5493438243865967 -0.013269348070025444 -0.010572092607617378 0.9717654585838318 0.23533819615840912
17.40757942199707 15.679903030395508 0.5457977652549744 -0.011391296051442623 -0.011678780429065228 0.9765812158584595 0.21452978253364563
17.184114456176758 15.753581047058105 0.539564847946167 -0.010131576098501682 -0.013144285418093204 0.9788300395011902 0.2040010541677475
16.856775283813477 15.842660903930664 0.525080680847168 -0.008094231598079205 -0.014865443110466003 0.9817835092544556 0.18924784660339355
16.41290855407715 15.974184036254883 0.511582612991333 -0.005860441364347935 -0.01561921089887619 0.9851276874542236 0.17101214826107025
16.22241973876953 16.024290084838867 0.5071787238121033 -0.003107984783127904 -0.01602371595799923 0.9863708019256592 0.16372618079185486
15.81246566772461 16.134408950805664 0.5092606544494629 -0.001650399062782526 -0.016770008951425552 0.9884393215179443 0.15067769587039948
15.352645874023438 16.210355758666992 0.5058280229568481 -0.000930973794311285 -0.018752960488200188 0.9904015064239502 0.13693922758102417
15.161477088928223 16.25022315979004 0.507979691028595 -0.00030799992964603007 -0.02074371464550495 0.9910455942153931 0.13190267980098724
14.66077995300293 16.352632522583008 0.5042513608932495 0.00013539449719246477 -0.02240152098238468 0.992585301399231 0.11946827918291092
14.341329574584961 16.416934967041016 0.5031763911247253 0.0005780397914350033 -0.02308729663491249 0.9934123158454895 0.11224377155303955
13.93653678894043 16.489805221557617 0.5020772814750671 0.0007439651526510715 -0.021999428048729897 0.9942365884780884 0.10492445528507233
13.452454566955566 16.580453872680664 0.5054782032966614 0.0014361891662701964 -0.02043955959379673 0.9951246380805969 0.09647339582443237
13.1974458694458 16.620397567749023 0.5046767592430115 0.002914849203079939 -0.019539279863238335 0.9955263137817383 0.092396579682827
12.806883811950684 16.66303253173828 0.5111312866210938 0.0037562253419309855 -0.020450886338949203 0.9960618019104004 0.08618922531604767
12.313109397888184 16.73629379272461 0.5147541165351868 0.004655660595744848 -0.020655017346143723 0.99665766954422 0.0789005309343338
12.073034286499023 16.762786865234375 0.5153195261955261 0.005426153540611267 -0.01965928077697754 0.9968822002410889 0.07622301578521729
11.682177543640137 16.81417465209961 0.5166378021240234 0.006431668531149626 -0.018804293125867844 0.9971897602081299 0.07223339378833771
11.181092262268066 16.879531860351562 0.5292631983757019 0.006717993412166834 -0.017812447622418404 0.997603714466095 0.06651699542999268
10.930729866027832 16.90336036682129 0.5298953056335449 0.005999358370900154 -0.01639433205127716 0.9977893829345703 0.06412216275930405
10.555991172790527 16.94346046447754 0.5346548557281494 0.005585744045674801 -0.015194232575595379 0.9980323314666748 0.06057628244161606
10.058403968811035 16.993040084838867 0.5392284989356995 0.005338831804692745 -0.014979914762079716 0.9983352422714233 0.0554421991109848
9.794949531555176 17.019014358520508 0.5508679747581482 0.004509093705564737 -0.014835715293884277 0.9985025525093079 0.052462052553892136
9.427000999450684 17.02983856201172 0.5484322905540466 0.003670264733955264 -0.01556526217609644 0.9986961483955383 0.0484788753092289
8.936283111572266 17.069149017333984 0.5478197932243347 0.0037120389752089977 -0.017318328842520714 0.9989175796508789 0.0430108904838562
8.682387351989746 17.08259391784668 0.5461017489433289 0.004529324360191822 -0.017428699880838394 0.9990614056587219 0.03939617797732353
8.255709648132324 17.090076446533203 0.5519633889198303 0.005522432271391153 -0.017327768728137016 0.9992241263389587 0.034934740513563156
7.794774532318115 17.117464065551758 0.560445249080658 0.005593483801931143 -0.01762060448527336 0.9993792772293091 0.029989078640937805
7.5148773193359375 17.114734649658203 0.5658599734306335 0.005247235763818026 -0.017895907163619995 0.9994608163833618 0.02702352963387966
7.178751468658447 17.137575149536133 0.564089834690094 0.0043435050174593925 -0.016136016696691513 0.9995704293251038 0.024077272042632103
6.598211288452148 17.15035629272461 0.5661640763282776 0.00326894992031157 -0.014658029191195965 0.999693751335144 0.019667726010084152
6.38239860534668 17.15161895751953 0.5650789737701416 0.002044424181804061 -0.01718946546316147 0.9996815919876099 0.018360085785388947
6.003366947174072 17.140398025512695 0.5668755769729614 0.0014446928398683667 -0.021636467427015305 0.9996352791786194 0.016097864136099815
5.508793354034424 17.13425636291504 0.5732219219207764 0.0010091355070471764 -0.024144133552908897 0.9996292591094971 0.0125450249761343
5.234088897705078 17.143022537231445 0.5722852945327759 0.0010383953340351582 -0.02445787750184536 0.9996185302734375 0.012792305089533329
4.881255626678467 17.14569854736328 0.5685318112373352 0.0023550111800432205 -0.023328831419348717 0.9996588826179504 0.011502930894494057
4.386675834655762 17.1549072265625 0.5677904486656189 0.004504756070673466 -0.021693909540772438 0.9997041821479797 0.010032272897660732
4.1283440589904785 17.153152465820312 0.562897264957428 0.007030073087662458 -0.019883420318365097 0.999738335609436 0.00886445865035057
3.76615834236145 17.16499900817871 0.5724121928215027 0.008070890791714191 -0.021056514233350754 0.9997019171714783 0.009360778145492077
3.2787797451019287 17.165239334106445 0.5868552327156067 0.007029017433524132 -0.024445492774248123 0.9996189475059509 0.010725478641688824
3.006971836090088 17.15991973876953 0.588564395904541 0.005414933897554874 -0.02775527723133564 0.9995251297950745 0.012243062257766724
2.6534905433654785 17.164283752441406 0.5862518548965454 0.004370395559817553 -0.028453107923269272 0.999491810798645 0.013690886087715626
2.122047185897827 17.196250915527344 0.5962041616439819 0.003960721660405397 -0.027155084535479546 0.9994832277297974 0.016740549355745316
1.903067946434021 17.201868057250977 0.6028575301170349 0.003476819023489952 -0.02553466334939003 0.9995114207267761 0.01768643595278263
1.5086864233016968 17.22543716430664 0.611034631729126 0.0026694387197494507 -0.024510491639375687 0.9995303153991699 0.018201813101768494
1.0379160642623901 17.25139808654785 0.6105561256408691 0.002015567384660244 -0.023982109501957893 0.9995511174201965 0.017843447625637054
0.7714775204658508 17.248794555664062 0.6050466895103455 0.0023571138735860586 -0.02310122922062874 0.9995875954627991 0.016893915832042694
0.43591949343681335 17.24495506286621 0.602171003818512 0.003201595274731517 -0.023524997755885124 0.9996011257171631 0.015294852666556835
-0.11100532859563828 17.2591552734375 0.6104342937469482 0.0029839917551726103 -0.0247105211019516 0.9996129274368286 0.012430761940777302
-0.34625244140625 17.258991241455078 0.611787736415863 0.0023470206651836634 -0.02532040700316429 0.999610960483551 0.011457294225692749
-0.7315612435340881 17.262422561645508 0.6086558699607849 0.0020312019623816013 -0.025143107399344444 0.9996314644813538 0.010032502934336662
-1.2098894119262695 17.26632308959961 0.6097205877304077 0.002908905502408743 -0.025510989129543304 0.9996365904808044 0.008212626911699772
-1.460225224494934 17.258546829223633 0.6148335933685303 0.00390209280885756 -0.025935186073184013 0.9996305704116821 0.0071351551450788975
-1.8963650465011597 17.25949478149414 0.6205130219459534 0.004034463316202164 -0.02539380080997944 0.9996526837348938 0.0057763042859733105
-2.351501941680908 17.2645263671875 0.627073347568512 0.0032646546605974436 -0.02487620711326599 0.9996774792671204 0.003938572481274605
-2.585073232650757 17.25986099243164 0.6183149218559265 0.0028452526312321424 -0.024979114532470703 0.9996787309646606 0.0032333664130419493
-2.9381654262542725 17.253049850463867 0.6187605261802673 0.002520993584766984 -0.025036055594682693 0.9996817708015442 0.0017904745182022452
-3.4722607135772705 17.25331687927246 0.6214085221290588 0.0024766752030700445 -0.026187395676970482 0.9996539950370789 -1.2770947250828613e-05
-3.7412614822387695 17.244089126586914 0.6228101253509521 0.0024882392026484013 -0.027370385825634003 0.9996219277381897 -0.0008354428573511541
-4.1028923988342285 17.230833053588867 0.6310192346572876 0.001913475920446217 -0.028361953794956207 0.999594509601593 -0.00165375170763582
-4.620779037475586 17.223722457885742 0.6258630752563477 0.001810852438211441 -0.02855001948773861 0.9995833039283752 -0.003860459430143237
-4.854077339172363 17.21356964111328 0.6235575079917908 0.002600492909550667 -0.02846100553870201 0.9995821118354797 -0.004336870741099119
-5.239702224731445 17.206449508666992 0.6275264620780945 0.0035291302483528852 -0.028421085327863693 0.9995755553245544 -0.005340189673006535
-5.752496719360352 17.19912338256836 0.6284165382385254 0.004347920883446932 -0.02816319279372692 0.9995682239532471 -0.007161028683185577
-6.003983020782471 17.18002700805664 0.6313614249229431 0.004552489146590233 -0.02737167663872242 0.9995831847190857 -0.007970237173140049
-6.429659366607666 17.181100845336914 0.6320357918739319 0.004736959468573332 -0.026946796104311943 0.9995861649513245 -0.008882259950041771
-6.907593250274658 17.16591453552246 0.6363757848739624 0.0053816139698028564 -0.027056027203798294 0.9995672106742859 -0.010217876173555851
-7.162843227386475 17.158203125 0.6435403227806091 0.005746167153120041 -0.026805207133293152 0.999563992023468 -0.010966894216835499
-7.535709857940674 17.137243270874023 0.6449127793312073 0.005918850656598806 -0.027563711628317833 0.9995315074920654 -0.01191636361181736
-7.927969932556152 17.11815643310547 0.6486028432846069 0.005849192384630442 -0.029592005535960197 0.9994646906852722 -0.01266924012452364
-8.30341625213623 17.103200912475586 0.6503589749336243 0.005584064405411482 -0.029633386060595512 0.9994505643844604 -0.01375911757349968
-8.591987609863281 17.099021911621094 0.65179443359375 0.005150989163666964 -0.027983561158180237 0.9994790554046631 -0.015231605619192123
-9.069974899291992 17.082563400268555 0.6607912182807922 0.004104682244360447 -0.026241669431328773 0.9995232224464417 -0.015745099633932114
-9.49718189239502 17.070348739624023 0.6560086011886597 0.00370583962649107 -0.025520294904708862 0.9995264410972595 -0.016789313405752182
-9.846463203430176 17.0529727935791 0.6550964117050171 0.004360714461654425 -0.026158850640058517 0.9994953870773315 -0.017483843490481377
-10.205218315124512 17.018625259399414 0.6606104373931885 0.005440954584628344 -0.028949284926056862 0.9994046688079834 -0.01796438917517662
-10.631233215332031 16.996007919311523 0.6697515845298767 0.005906219128519297 -0.031027430668473244 0.9993266463279724 -0.01867314800620079
-10.866409301757812 16.979267120361328 0.6645111441612244 0.006275938358157873 -0.029596727341413498 0.9993330240249634 -0.02045116014778614
-11.377497673034668 16.968963623046875 0.6662565469741821 0.007458388805389404 -0.027026241645216942 0.9993879199028015 -0.02092389203608036
-11.80881404876709 16.946884155273438 0.667994499206543 0.009042136371135712 -0.02492297999560833 0.9994139671325684 -0.021652808412909508
-12.0506010055542 16.940067291259766 0.6736809015274048 0.009529691189527512 -0.024482417851686478 0.9994118213653564 -0.022042512893676758
-12.588394165039062 16.907249450683594 0.6890016794204712 0.009630747139453888 -0.025665944442152977 0.9993807077407837 -0.02206249348819256
-12.975143432617188 16.879714965820312 0.6931079626083374 0.009611910209059715 -0.027545727789402008 0.9993425011634827 -0.021529247984290123
-13.369132041931152 16.857465744018555 0.6995880603790283 0.00959047395735979 -0.028833171352744102 0.9993117451667786 -0.021276194602251053
-13.795044898986816 16.844602584838867 0.7092243432998657 0.00897790864109993 -0.028045006096363068 0.9993467330932617 -0.02095169946551323
-14.177149772644043 16.84170150756836 0.7166391015052795 0.008339367806911469 -0.024889780208468437 0.9994463324546814 -0.020445169880986214
-14.540315628051758 16.82501983642578 0.7174426317214966 0.008494359441101551 -0.0229708943516016 0.9995179176330566 -0.019083965569734573
-15.071680068969727 16.815677642822266 0.7325011491775513 0.008269327692687511 -0.023144936189055443 0.9995461702346802 -0.01741836406290531
-15.331926345825195 16.799636840820312 0.7285549640655518 0.008217394351959229 -0.025046825408935547 0.9995115399360657 -0.01678784005343914
-15.731367111206055 16.77286148071289 0.7364533543586731 0.00848954077810049 -0.026711735874414444 0.9994757175445557 -0.01620999537408352
-16.25379753112793 16.757905960083008 0.7448832392692566 0.00872376561164856 -0.02686925046145916 0.9994826316833496 -0.01537556853145361
-16.52635955810547 16.749300003051758 0.750018835067749 0.00824388861656189 -0.02353426069021225 0.9995731711387634 -0.015220757573843002
-16.917190551757812 16.756481170654297 0.7540463805198669 0.007631783839315176 -0.019927561283111572 0.9996668696403503 -0.01451842300593853
-17.43164825439453 16.72938346862793 0.757198691368103 0.00809034239500761 -0.02243388071656227 0.9996227622032166 -0.013624480925500393
-17.672805786132812 16.702177047729492 0.7605170607566833 0.00920319464057684 -0.026184581220149994 0.9995325803756714 -0.012820232659578323
-18.10080337524414 16.68999671936035 0.7732120752334595 0.009320765733718872 -0.02823326550424099 0.9994685053825378 -0.013368050567805767
-18.60609245300293 16.67897605895996 0.7807989716529846 0.009247546084225178 -0.027477795258164406 0.9995000958442688 -0.012612035498023033
-18.877716064453125 16.66663360595703 0.7813546657562256 0.009231709875166416 -0.025983737781643867 0.9995338320732117 -0.013103857636451721
-19.282039642333984 16.663585662841797 0.7860806584358215 0.009354248642921448 -0.024488352239131927 0.999569833278656 -0.013153566047549248
-19.78921890258789 16.653772354125977 0.7940590381622314 0.009901043958961964 -0.024639397859573364 0.999566376209259 -0.012727788649499416
-20.040624618530273 16.62481117248535 0.8086093664169312 0.008997207507491112 -0.028898123651742935 0.9994609951972961 -0.012717594392597675
-20.45047950744629 16.600818634033203 0.8146533370018005 0.006758562289178371 -0.03375200182199478 0.999328076839447 -0.012591732665896416
-21.026445388793945 16.593250274658203 0.8205601572990417 0.00328131509013474 -0.0308060422539711 0.9994300603866577 -0.013411658816039562
-21.29712677001953 16.59402084350586 0.8099740147590637 0.0014787728432565928 -0.024562647566199303 0.9996041059494019 -0.013641247525811195
-21.70401382446289 16.58397102355957 0.7902039289474487 0.004558035172522068 -0.02421058714389801 0.9996010661125183 -0.013810927048325539
-22.213396072387695 16.552831649780273 0.8101222515106201 0.009498326107859612 -0.028866728767752647 0.9994242787361145 -0.01508477982133627
-22.490407943725586 16.51978302001953 0.8313398957252502 0.01201056968420744 -0.034427985548973083 0.9992228746414185 -0.014970507472753525
-22.88770294189453 16.49054527282715 0.8339901566505432 0.01292305625975132 -0.03711780905723572 0.9991118311882019 -0.015193644911050797
-23.471574783325195 16.469205856323242 0.837186336517334 0.012636524625122547 -0.03606394678354263 0.9991490840911865 -0.015521485358476639
-23.738927841186523 16.48040771484375 0.8295289278030396 0.012310369871556759 -0.03148635849356651 0.9992942810058594 -0.016370978206396103
-24.211240768432617 16.45376968383789 0.8553498387336731 0.009690115228295326 -0.02940431796014309 0.9993590712547302 -0.017970403656363487
-24.705793380737305 16.435720443725586 0.8733123540878296 0.005836690776050091 -0.0337209515273571 0.9992642402648926 -0.0173169057816267
-25.000234603881836 16.406831741333008 0.8790165781974792 0.0021387396845966578 -0.03805895522236824 0.9991201758384705 -0.01749005913734436
-25.43628692626953 16.381446838378906 0.8716927170753479 0.0006480877636931837 -0.03768156096339226 0.9991127252578735 -0.018800990656018257
-26.004201889038086 16.38117027282715 0.8593556880950928 0.0016975704347714782 -0.03469345346093178 0.9992147088050842 -0.01906425692141056
-26.176292419433594 16.351486206054688 0.849744975566864 0.00443221116438508 -0.03275933861732483 0.9992647767066956 -0.01941911317408085
-26.677053451538086 16.32311248779297 0.8600916266441345 0.007130159065127373 -0.03375329449772835 0.9991928935050964 -0.020579485222697258
-27.206680297851562 16.299333572387695 0.8679876327514648 0.008660078048706055 -0.03593021631240845 0.999075174331665 -0.021975599229335785
-27.518043518066406 16.273181915283203 0.8578366041183472 0.010044107213616371 -0.037034548819065094 0.9990230798721313 -0.021918468177318573
-27.90777015686035 16.253408432006836 0.8702921271324158 0.011020916514098644 -0.03593986853957176 0.9990596771240234 -0.021600693464279175
-28.539541244506836 16.244094848632812 0.8959240317344666 0.00971466489136219 -0.032891396433115005 0.9992021322250366 -0.020467903465032578
-28.783796310424805 16.240310668945312 0.913345456123352 0.006217904854565859 -0.028802400454878807 0.9993902444839478 -0.018732551485300064
-29.25225830078125 16.21943473815918 0.9011538624763489 0.00364991114474833 -0.028854016214609146 0.9994474053382874 -0.016093596816062927
-29.784692764282227 16.19913101196289 0.8962574601173401 0.004703210666775703 -0.03547709807753563 0.9992690086364746 -0.013443659991025925
-30.100709915161133 16.1573543548584 0.8899604678153992 0.008132887072861195 -0.03979240730404854 0.9991111159324646 -0.011291556060314178
-30.50737762451172 16.16305923461914 0.9129638671875 0.009940705262124538 -0.03958088904619217 0.9991115927696228 -0.010517362505197525
-31.110366821289062 16.16534423828125 0.9241005778312683 0.011219567619264126 -0.035180073231458664 0.9992885589599609 -0.007673224899917841
-31.345489501953125 16.18239402770996 0.9225722551345825 0.012453673407435417 -0.029179329052567482 0.9994828104972839 -0.005255925003439188
-31.869707107543945 16.184667587280273 0.927959144115448 0.013611379079520702 -0.02551022730767727 0.9995705485343933 -0.004766815807670355
-32.368446350097656 16.185739517211914 0.9526382684707642 0.012517950497567654 -0.028271261602640152 0.9995219111442566 -0.00025057545281015337
-32.712093353271484 16.160598754882812 0.9613536596298218 0.010282489471137524 -0.034812264144420624 0.99933922290802 0.0018785549327731133
-33.15098190307617 16.148271560668945 0.9678918123245239 0.007998382672667503 -0.038438696414232254 0.9992231726646423 0.0034085349179804325
-33.73239517211914 16.158172607421875 0.9770349860191345 0.007679643575102091 -0.03667835891246796 0.9992871284484863 0.004582228139042854
-33.98249053955078 16.17264175415039 0.9802878499031067 0.008553674444556236 -0.03187170997262001 0.999445378780365 0.0044691129587590694
-34.44770431518555 16.184329986572266 0.9849551916122437 0.009512108750641346 -0.02761349268257618 0.9995622038841248 0.004743966273963451
-34.99650192260742 16.183971405029297 0.9875022768974304 0.010107249952852726 -0.02741841785609722 0.9995598793029785 0.005109717138111591
-35.32645034790039 16.177457809448242 0.9952229261398315 0.01043403334915638 -0.0302589014172554 0.9994707703590393 0.005803805310279131
-35.725711822509766 16.164390563964844 1.0036431550979614 0.00981119740754366 -0.032956212759017944 0.999396562576294 0.004916515201330185
-36.32340621948242 16.18856430053711 1.018351674079895 0.00918168481439352 -0.03347454592585564 0.9993855953216553 0.004856574349105358
-36.672607421875 16.167728424072266 1.020980954170227 0.008625066839158535 -0.03231789544224739 0.999426543712616 0.005265948828309774
-37.07328796386719 16.18082046508789 1.0260393619537354 0.00921558029949665 -0.030853252857923508 0.9994727373123169 0.004168684594333172
-37.61500930786133 16.185457229614258 1.0357356071472168 0.010246124118566513 -0.030080221593379974 0.9994884133338928 0.003628762438893318
-37.937931060791016 16.17906951904297 1.0450726747512817 0.010622300207614899 -0.030779825523495674 0.9994622468948364 0.003872540546581149
-38.3505859375 16.176008224487305 1.0564777851104736 0.01022552140057087 -0.031794194132089615 0.9994367957115173 0.003265244187787175
-38.950706481933594 16.16562271118164 1.0667619705200195 0.009021349251270294 -0.03231370076537132 0.9994336366653442 0.0026353190187364817
-39.216732025146484 16.18158531188965 1.0664899349212646 0.007228630129247904 -0.03131834790110588 0.9994797706604004 0.0026731688994914293
-39.69793701171875 16.18028450012207 1.0771753787994385 0.005453111603856087 -0.0297803096473217 0.9995390772819519 0.002248830161988735
-40.25179672241211 16.1810245513916 1.0775816440582275 0.004733766429126263 -0.029433662071824074 0.9995532035827637 0.002155809197574854
-40.58018112182617 16.160507202148438 1.0765033960342407 0.005820392165333033 -0.03180593624711037 0.9994750022888184 0.002065485343337059
-41.01969909667969 16.157245635986328 1.082175374031067 0.007288502529263496 -0.0347391776740551 0.9993686676025391 0.0015415095258504152
-41.59701156616211 16.145891189575195 1.0875500440597534 0.009293641895055771 -0.036149896681308746 0.9993024468421936 0.0012205933453515172
-41.88960647583008 16.149499893188477 1.0950651168823242 0.010903331451117992 -0.03511378914117813 0.9993237257003784 0.00046984609798528254
-42.35380935668945 16.152584075927734 1.0970450639724731 0.011234870180487633 -0.03268410637974739 0.9994023442268372 0.0006812752108089626
-42.93381881713867 16.149011611938477 1.110752820968628 0.011239150539040565 -0.03080160729587078 0.9994616508483887 0.0011962155112996697
-43.243770599365234 16.149620056152344 1.1180860996246338 0.010461576282978058 -0.03151122108101845 0.9994474649429321 0.0015478598652407527
-43.679744720458984 16.141475677490234 1.1322070360183716 0.009700212627649307 -0.0344524122774601 0.9993571043014526 0.0020837963093072176
-44.306068420410156 16.135272979736328 1.1511752605438232 0.008678392507135868 -0.0360674187541008 0.9993084669113159 0.0025492599233984947
-44.578094482421875 16.142898559570312 1.1406170129776 0.008661342784762383 -0.0344637967646122 0.9993653893470764 0.0024543621111661196
-45.06183624267578 16.14470863342285 1.1410826444625854 0.010447651147842407 -0.032600950449705124 0.9994097948074341 0.0028449674136936665
-45.61824035644531 16.15187644958496 1.1596689224243164 0.012403614819049835 -0.03218841552734375 0.999397337436676 0.0038764122873544693
-45.89415740966797 16.1605281829834 1.1637805700302124 0.013264954090118408 -0.03260219469666481 0.9993736743927002 0.0036605256609618664
-46.369136810302734 16.13513946533203 1.1784164905548096 0.013372490182518959 -0.03350338712334633 0.9993400573730469 0.004270945675671101
-46.98564147949219 16.144556045532227 1.1957764625549316 0.012894883751869202 -0.03413596749305725 0.9993261098861694 0.0039807651191949844
-47.30796813964844 16.157777786254883 1.2069605588912964 0.011817611753940582 -0.03381608426570892 0.9993494749069214 0.004180289804935455
-47.806243896484375 16.132848739624023 1.221179723739624 0.009067714214324951 -0.03484738990664482 0.9993447065353394 0.003696187399327755
-48.39586639404297 16.135818481445312 1.2244998216629028 0.007165071088820696 -0.03774666786193848 0.999256432056427 0.0032281633466482162
-48.74465560913086 16.125041961669922 1.2312612533569336 0.006135282106697559 -0.04017339274287224 0.9991692304611206 0.0030418881215155125
-49.1785888671875 16.114072799682617 1.2225744724273682 0.006645747926086187 -0.040662575513124466 0.9991483092308044 0.0022448026575148106
-49.82038879394531 16.125579833984375 1.2267061471939087 0.008684677071869373 -0.03897685185074806 0.9992016553878784 0.0011964899022132158
-50.17375564575195 16.124296188354492 1.2280815839767456 0.01185758039355278 -0.03688529506325722 0.9992485642433167 0.0011175536783412099
-50.58642578125 16.11035919189453 1.2383732795715332 0.014428188093006611 -0.03671747446060181 0.9992210268974304 0.0010136693017557263
-51.13224792480469 16.101306915283203 1.253913402557373 0.01581544615328312 -0.03852959722280502 0.9991316199302673 0.0011726375669240952
-51.574466705322266 16.097089767456055 1.265350341796875 0.016168639063835144 -0.03976426646113396 0.9990782141685486 0.0004227818571962416
-51.98672866821289 16.102176666259766 1.2879968881607056 0.01526855118572712 -0.03970755636692047 0.9990946650505066 0.0001590593601576984
-52.67367935180664 16.0919132232666 1.3116751909255981 0.013114850036799908 -0.03793616592884064 0.9991940855979919 -4.609424286172725e-05
-52.9630126953125 16.10274887084961 1.3129311800003052 0.011137443594634533 -0.03574427217245102 0.9992988705635071 -0.00030149403028190136
-53.470924377441406 16.097126007080078 1.3189635276794434 0.010612729005515575 -0.03464062139391899 0.9993434548377991 -0.00021965132327750325
-54.05257034301758 16.097633361816406 1.3325765132904053 0.010176285170018673 -0.034357182681560516 0.9993575215339661 -0.0007639446994289756
-54.43650817871094 16.09012222290039 1.3414188623428345 0.01006525568664074 -0.03477594256401062 0.9993441700935364 -0.0007629767642356455
-54.865135192871094 16.083843231201172 1.3436648845672607 0.010267999023199081 -0.03553435206413269 0.9993152022361755 -0.0010405420325696468
-55.55154037475586 16.079030990600586 1.3549495935440063 0.010521491058170795 -0.035971373319625854 0.9992963671684265 -0.0014893448678776622
-55.82084655761719 16.070289611816406 1.362918734550476 0.010560276918113232 -0.03551773726940155 0.9993115067481995 -0.0018660101341083646
-56.32490921020508 16.057878494262695 1.3694422245025635 0.010091160424053669 -0.03387095034122467 0.9993723630905151 -0.0024146754294633865
-56.99595642089844 16.071115493774414 1.3780057430267334 0.010032235644757748 -0.03269253298640251 0.9994044303894043 -0.004616091959178448
-57.298828125 16.058469772338867 1.3887085914611816 0.009901502169668674 -0.032640889286994934 0.9994127750396729 -0.0032682656310498714
-57.773582458496094 16.04493522644043 1.3986462354660034 0.008912402205169201 -0.03320181742310524 0.999402642250061 -0.003551372792571783
-58.4770393371582 16.035934448242188 1.4090285301208496 0.007879305630922318 -0.03368018567562103 0.9993918538093567 -0.0044237528927624226
-58.7416877746582 16.03135871887207 1.4118428230285645 0.007101656869053841 -0.03356926888227463 0.999400794506073 -0.004551944322884083
-59.274742126464844 16.02349281311035 1.4191091060638428 0.006374880205839872 -0.03291549161076546 0.9994255900382996 -0.004944483749568462
-59.89643478393555 16.010297775268555 1.423447608947754 0.0061046769842505455 -0.03200598433613777 0.9994536638259888 -0.005544285289943218
-60.2379035949707 16.00296401977539 1.4237844944000244 0.006953708827495575 -0.030810561031103134 0.9994847178459167 -0.005715958308428526
-60.73655319213867 15.997602462768555 1.429267406463623 0.008369884453713894 -0.030142802745103836 0.9994881749153137 -0.006693641189485788
-61.393558502197266 15.989025115966797 1.4439777135849 0.008567209355533123 -0.0303876381367445 0.9994739294052124 -0.007419690489768982
-61.67150115966797 15.96662425994873 1.4451489448547363 0.008622236549854279 -0.03129718452692032 0.9994497299194336 -0.006816407199949026
-62.23263931274414 15.96015739440918 1.4489436149597168 0.008899522945284843 -0.031142573803663254 0.9994484782218933 -0.007325139828026295
-62.81101608276367 15.946477890014648 1.4633784294128418 0.009177043102681637 -0.029917975887656212 0.9994800686836243 -0.007765488233417273
-63.18376159667969 15.95681095123291 1.475273609161377 0.008832983672618866 -0.027798965573310852 0.9995447993278503 -0.007712041959166527
-63.605411529541016 15.937525749206543 1.4749959707260132 0.00949145294725895 -0.027277320623397827 0.9995522499084473 -0.007825162261724472
-64.27466583251953 15.917825698852539 1.4918315410614014 0.009682150557637215 -0.028889380395412445 0.9995043873786926 -0.007917176000773907
-64.58406066894531 15.906697273254395 1.499289870262146 0.009157933294773102 -0.030829811468720436 0.9994477033615112 -0.008362318389117718
-65.0614013671875 15.89190673828125 1.512763500213623 0.007972074672579765 -0.03164563700556755 0.999431312084198 -0.008492352440953255
-65.61302947998047 15.8750581741333 1.5183440446853638 0.006510496139526367 -0.03158097341656685 0.9994404911994934 -0.008887349627912045
-65.9269027709961 15.87271785736084 1.5234497785568237 0.005828079767525196 -0.030459314584732056 0.999474823474884 -0.009402270428836346
-66.34270477294922 15.858258247375488 1.5341649055480957 0.005535160191357136 -0.029564999043941498 0.9995079040527344 -0.008903387002646923
-66.90739440917969 15.852696418762207 1.5417659282684326 0.0057655577547848225 -0.029812179505825043 0.9994914531707764 -0.009739885106682777
-67.14771270751953 15.836095809936523 1.545211911201477 0.005737037397921085 -0.03037753328680992 0.9994794130325317 -0.00922775361686945
-67.5361099243164 15.820195198059082 1.5466028451919556 0.005655182991176844 -0.030402235686779022 0.9994765520095825 -0.009507501497864723
