0.36097416281700134 0.0003101642068941146 0.00016238786338362843 0.001172151300124824 0.0018946200143545866 -0.00044025221723131835 0.9999974370002747
0.7407272458076477 -0.0005335133755579591 -0.014728630892932415 0.0017571377102285624 0.0014722171472385526 -8.705999789526686e-05 0.9999973773956299
1.4330432415008545 0.0026636167895048857 -0.01589496061205864 0.0019720857962965965 -0.001383782597258687 -0.00010183041740674525 0.9999971389770508
1.8096057176589966 0.002511186059564352 -0.010861807502806187 0.001374293933622539 -0.004283013287931681 -9.492337267147377e-05 0.9999898672103882
2.3063831329345703 0.01952577568590641 -0.0011695335851982236 3.3529777283547446e-05 -0.004726064391434193 -0.00038145159487612545 0.9999887943267822
3.015184164047241 0.01406019926071167 -0.003791668452322483 -0.0006475161644630134 -0.004442810546606779 -2.5216995709342882e-05 0.999989926815033
3.291478157043457 0.03116152249276638 -0.0019236012594774365 0.00045486612361855805 -0.004290840122848749 0.000339478807291016 0.9999906420707703
3.6454572677612305 0.013286532834172249 0.009748746640980244 0.0025760147254914045 -0.0023888300638645887 0.0005925729055888951 0.9999936819076538
4.412375450134277 0.008469167165458202 0.011557027697563171 0.00576297240331769 -0.00019531250291038305 0.000425628008088097 0.9999833106994629
4.612522602081299 -0.0023852961603552103 0.005256984382867813 0.0073944320902228355 0.0004923774977214634 0.0012873969972133636 0.9999717473983765
5.2523512840271 0.004265865311026573 -0.0019319159910082817 0.007174643687903881 -0.00031240147654898465 0.0010693867225199938 0.9999736547470093
5.7647247314453125 0.020478149875998497 0.0019102455116808414 0.006769205443561077 -0.0016164642293006182 0.0035168153699487448 0.9999696016311646
6.228549957275391 0.038673605769872665 0.0033019166439771652 0.006756404414772987 -0.002819143468514085 0.0053854817524552345 0.9999586939811707
6.557412147521973 0.0368131659924984 -0.0015497641870751977 0.007362167350947857 -0.003949598874896765 0.00695538055151701 0.9999409317970276
7.38184928894043 0.06492163985967636 0.005020656622946262 0.009342020377516747 -0.005182388238608837 0.010713002644479275 0.9998855590820312
7.544214725494385 0.06486798077821732 0.006832767277956009 0.010249345563352108 -0.0054672155529260635 0.011467626318335533 0.9998668432235718
8.198508262634277 0.08439648151397705 0.01623597741127014 0.009464344941079617 -0.005167657509446144 0.013427981175482273 0.9998517036437988
8.806602478027344 0.10463188588619232 0.02101496234536171 0.010337465442717075 -0.004781588912010193 0.01573784276843071 0.9998112916946411
9.028327941894531 0.11407116800546646 0.024772172793745995 0.012661273591220379 -0.004373376257717609 0.015007092617452145 0.9997976422309875
9.630722045898438 0.11919544637203217 0.030057672411203384 0.01488399039953947 -0.0038390462286770344 0.016138561069965363 0.999751627445221
10.165872573852539 0.1492535024881363 0.030407361686229706 0.015709497034549713 -0.003246782813221216 0.015813002362847328 0.9997463226318359
10.620201110839844 0.1665480136871338 0.036379069089889526 0.015406225807964802 -0.00270084198564291 0.015446214005351067 0.9997583627700806
11.005208015441895 0.162712961435318 0.04126898944377899 0.015924600884318352 -0.0018286864506080747 0.01571066491305828 0.9997481107711792
11.795717239379883 0.1805860847234726 0.0409686379134655 0.017333026975393295 -7.012166315689683e-05 0.016908153891563416 0.9997068643569946
12.151062965393066 0.2040814608335495 0.03966355696320534 0.019768815487623215 0.001366041018627584 0.017723023891448975 0.9996465444564819
12.48161792755127 0.2126654088497162 0.03158401697874069 0.02075502835214138 0.0014789631823077798 0.018883420154452324 0.9996051788330078
13.357475280761719 0.2768617868423462 0.0381682813167572 0.01947827823460102 0.0007882888894528151 0.023259976878762245 0.9995393753051758
13.517878532409668 0.2769567668437958 0.039520446211099625 0.017567744478583336 0.0007709405035711825 0.023785335943102837 0.9995624423027039
14.119782447814941 0.31706103682518005 0.03279421478509903 0.01683981716632843 0.0006373163196258247 0.025521067902445793 0.9995322227478027
14.705069541931152 0.3497103154659271 0.02620074711740017 0.017300676554441452 0.00016675966617185622 0.02808745950460434 0.9994557499885559
15.074779510498047 0.384897917509079 0.029908249154686928 0.017385458573698997 -0.00014225290215108544 0.02875092811882496 0.9994354248046875
15.559884071350098 0.41986966133117676 0.030191801488399506 0.017204524949193 -7.596998329972848e-05 0.029650220647454262 0.9994122982025146
16.244298934936523 0.46597716212272644 0.03069964237511158 0.015367432497441769 -0.0004397388838697225 0.030024517327547073 0.9994309544563293
16.573755264282227 0.49034759402275085 0.02144855260848999 0.012768259271979332 -0.0021407720632851124 0.030363382771611214 0.9994550943374634
17.059499740600586 0.5275390148162842 0.03041124902665615 0.013098527677357197 -0.00421241344884038 0.030218442901968956 0.9994486570358276
17.724580764770508 0.5558866262435913 0.03506153076887131 0.015478163957595825 -0.004500527400523424 0.030489368364214897 0.9994051456451416
18.134572982788086 0.5831348299980164 0.0475599430501461 0.017729073762893677 -0.003691884921863675 0.030236808583140373 0.9993787407875061
18.534006118774414 0.5932675004005432 0.04417576268315315 0.018194397911429405 -0.0013766406336799264 0.03056618571281433 0.9993661642074585
19.33834457397461 0.6559934020042419 0.04647000879049301 0.016506463289260864 1.5254712707246654e-05 0.02896437980234623 0.9994441866874695
19.518882751464844 0.671585738658905 0.04947386682033539 0.015105906873941422 0.001372683560475707 0.029992563650012016 0.9994350671768188
20.12932586669922 0.7137664556503296 0.050194405019283295 0.013897500932216644 0.0013473992003127933 0.02944127470254898 0.9994690418243408
20.67609214782715 0.7571151852607727 0.046438612043857574 0.012438338249921799 0.0010063191875815392 0.029660867527127266 0.9994820952415466
21.072509765625 0.7862280607223511 0.04420822486281395 0.010274949483573437 -1.0930398275377229e-06 0.030143704265356064 0.9994928240776062
21.53272819519043 0.8210647106170654 0.04575885459780693 0.007917022332549095 0.00013977158232592046 0.03063303977251053 0.9994993805885315
22.226415634155273 0.8688903450965881 0.043775901198387146 0.00466919643804431 0.000501698930747807 0.03059983067214489 0.9995207190513611
22.53842544555664 0.8871347904205322 0.04581549018621445 0.005595683120191097 0.000853688339702785 0.031334735453128815 0.9994929432868958
23.03831672668457 0.9336596727371216 0.05071359500288963 0.005550506990402937 0.002024120884016156 0.029937373474240303 0.9995343089103699
23.626426696777344 0.9567835330963135 0.03258910030126572 0.005107114091515541 0.002032764721661806 0.030724627897143364 0.999512791633606
23.98206901550293 0.9954794049263 0.016928883269429207 0.004703273065388203 -0.0017504196148365736 0.02927940897643566 0.999558687210083
24.428709030151367 1.0283502340316772 0.016860172152519226 0.003713122569024563 -0.008465058170258999 0.029425807297229767 0.9995242357254028
25.14769172668457 1.0617296695709229 0.04743816703557968 0.0032453190069645643 -0.01402516569942236 0.028677809983491898 0.9994850754737854
25.31783103942871 1.0749812126159668 0.05280507355928421 0.005549927707761526 -0.016806358471512794 0.029384298250079155 0.9994114637374878
25.85675048828125 1.1094889640808105 0.06722172349691391 0.008227216079831123 -0.017395226284861565 0.027314824983477592 0.9994416832923889
26.501379013061523 1.1301599740982056 0.08011120557785034 0.010708129964768887 -0.015576495788991451 0.026612572371959686 0.9994670748710632
26.799747467041016 1.1525323390960693 0.0926908478140831 0.011950920335948467 -0.012259606271982193 0.02665381133556366 0.9994981288909912
27.25079345703125 1.163021445274353 0.11058206856250763 0.0115028265863657 -0.008490056730806828 0.026195693761110306 0.9995546340942383
27.97838020324707 1.2047463655471802 0.13106487691402435 0.010735167190432549 -0.005960713140666485 0.025051666423678398 0.9996107816696167
28.18091583251953 1.2128015756607056 0.12592406570911407 0.011329126544296741 -0.005143331363797188 0.024796314537525177 0.9996151328086853
28.716262817382812 1.231306552886963 0.1195332258939743 0.01326239574700594 -0.006741000805050135 0.023651981726288795 0.9996095895767212
29.258535385131836 1.256065011024475 0.1256752908229828 0.014826130121946335 -0.009655014611780643 0.022954709827899933 0.9995799660682678
29.65213394165039 1.2744865417480469 0.13568609952926636 0.015418646857142448 -0.010990639217197895 0.022336160764098167 0.9995712041854858
30.088531494140625 1.299092173576355 0.14167124032974243 0.015140646137297153 -0.011713613756000996 0.02139192633330822 0.999587893486023
30.781904220581055 1.326460361480713 0.15751822292804718 0.015542701818048954 -0.013009782880544662 0.02035420946776867 0.99958735704422
30.90129852294922 1.332856297492981 0.1621590256690979 0.01561117172241211 -0.013193091377615929 0.020065464079380035 0.999589741230011
31.444795608520508 1.347866415977478 0.17488181591033936 0.015470582991838455 -0.012723691761493683 0.019030049443244934 0.9996182918548584
32.050201416015625 1.3810875415802002 0.18603387475013733 0.01444209460169077 -0.012953083962202072 0.017847834154963493 0.9996525049209595
32.43562698364258 1.3817030191421509 0.19834564626216888 0.014652295969426632 -0.013463924638926983 0.017716754227876663 0.9996450543403625
32.82508087158203 1.4105925559997559 0.2142598181962967 0.014360561966896057 -0.013466554693877697 0.016477463766932487 0.9996703863143921
33.4581184387207 1.4166374206542969 0.22458413243293762 0.014164500869810581 -0.013642785139381886 0.015926655381917953 0.9996797442436218
33.84202194213867 1.4462558031082153 0.2306031882762909 0.012332393787801266 -0.014368428848683834 0.014774546027183533 0.9997115731239319
34.234710693359375 1.4534474611282349 0.23672595620155334 0.009429470635950565 -0.015592836774885654 0.014370497316122055 0.9997307062149048
34.84336853027344 1.4801350831985474 0.2628152072429657 0.008649544790387154 -0.016404706984758377 0.013648325577378273 0.9997348785400391
35.1963005065918 1.490954875946045 0.27616292238235474 0.009966076351702213 -0.016586201265454292 0.01299325656145811 0.9997283816337585
35.58530044555664 1.495760202407837 0.2857041358947754 0.011271669529378414 -0.01691661775112152 0.012690608389675617 0.9997128248214722
36.254642486572266 1.5082383155822754 0.30179867148399353 0.011141405440866947 -0.017292244359850883 0.011003811843693256 0.9997278451919556
36.55445098876953 1.5245020389556885 0.31179189682006836 0.00934620387852192 -0.017554236575961113 0.010444749146699905 0.9997476935386658
37.026424407958984 1.5464588403701782 0.3332790434360504 0.0071779889985919 -0.01679638773202896 0.009696023538708687 0.9997861981391907
37.579254150390625 1.5565422773361206 0.34875231981277466 0.006161944009363651 -0.015890618786215782 0.008866474963724613 0.9998154640197754
37.92739486694336 1.5583600997924805 0.3522954285144806 0.008875396102666855 -0.01661934331059456 0.008599070832133293 0.9997854828834534
38.339111328125 1.5562770366668701 0.3623404800891876 0.011037996970117092 -0.018284132704138756 0.007917660288512707 0.9997405409812927
39.0127067565918 1.5638498067855835 0.39232972264289856 0.011548375710844994 -0.019995924085378647 0.00642980495467782 0.9997127056121826
39.23830032348633 1.5788902044296265 0.40147584676742554 0.010564993135631084 -0.020365068688988686 0.006177994888275862 0.9997177124023438
39.69987487792969 1.5840001106262207 0.41424790024757385 0.009689337573945522 -0.020352570340037346 0.005224468186497688 0.999732255935669
40.296939849853516 1.5872606039047241 0.43649041652679443 0.010105208493769169 -0.019896704703569412 0.004286057315766811 0.999741792678833
40.62163543701172 1.5858473777770996 0.4488946497440338 0.01251215860247612 -0.019213920459151268 0.0036533453967422247 0.9997304081916809
41.05379867553711 1.5801105499267578 0.4753163754940033 0.014738637953996658 -0.01823984831571579 0.002841652138158679 0.9997209906578064
41.63792419433594 1.5803658962249756 0.49119535088539124 0.015741661190986633 -0.01728481985628605 0.0015157681191340089 0.9997255802154541
41.97867202758789 1.5875864028930664 0.49814698100090027 0.014580223709344864 -0.01758229359984398 0.0005977882537990808 0.9997389316558838
42.35369873046875 1.5939362049102783 0.5044543147087097 0.013653051108121872 -0.01867176778614521 0.00017827385454438627 0.9997324347496033
42.9555549621582 1.5916831493377686 0.5293496251106262 0.013645605184137821 -0.019606081768870354 -0.0005178374121896923 0.9997145533561707
43.25806427001953 1.593265414237976 0.5395470261573792 0.013947098515927792 -0.02010057121515274 -0.001234046183526516 0.9996998906135559
43.71504211425781 1.594178318977356 0.5544748902320862 0.013978889212012291 -0.020800545811653137 -0.0025269014295190573 0.9996827244758606
44.317543029785156 1.5797792673110962 0.573684573173523 0.014933258295059204 -0.021757444366812706 -0.002720485907047987 0.9996480941772461
44.597267150878906 1.587891697883606 0.5871899724006653 0.014909012243151665 -0.022513413801789284 -0.0035083338152617216 0.9996291995048523
45.116477966308594 1.5785225629806519 0.6076008081436157 0.014060781337320805 -0.02306678146123886 -0.004419961478561163 0.9996252655982971
45.62835693359375 1.5744597911834717 0.628113865852356 0.01444639079272747 -0.02355313114821911 -0.005129333585500717 0.9996050596237183
45.918617248535156 1.5777766704559326 0.6452868580818176 0.013939245603978634 -0.02355574443936348 -0.0058561586774885654 0.9996082186698914
46.402652740478516 1.5822476148605347 0.6657693982124329 0.012198945507407188 -0.023408791050314903 -0.007141048554331064 0.9996260404586792
47.127220153808594 1.561793327331543 0.6995127201080322 0.010558712296187878 -0.022992871701717377 -0.007804559543728828 0.9996494054794312
47.219364166259766 1.5765396356582642 0.7008090615272522 0.009160522371530533 -0.02258814312517643 -0.008195716887712479 0.9996693134307861
47.76718521118164 1.5621918439865112 0.7199205160140991 0.009336305782198906 -0.021824050694704056 -0.00872977264225483 0.9996801018714905
48.3717041015625 1.5441694259643555 0.7423473596572876 0.010801883414387703 -0.021581247448921204 -0.00929204560816288 0.9996655583381653
48.690757751464844 1.550736427307129 0.7536323666572571 0.011293446645140648 -0.021555500105023384 -0.01018329057842493 0.9996520280838013
49.12276077270508 1.5300649404525757 0.7717371582984924 0.011658408679068089 -0.021802671253681183 -0.010755710303783417 0.9996364712715149
49.78840637207031 1.5157785415649414 0.7996751070022583 0.011877913028001785 -0.02172544039785862 -0.011530405841767788 0.9996269345283508
50.12486267089844 1.5139964818954468 0.8100605607032776 0.012237013317644596 -0.02190444990992546 -0.011342170648276806 0.9996208548545837
50.544891357421875 1.4988137483596802 0.8268477916717529 0.01284229476004839 -0.022471146658062935 -0.010615486651659012 0.9996086359024048
51.14669418334961 1.5028876066207886 0.8540846109390259 0.012412848882377148 -0.02268393710255623 -0.009127149358391762 0.9996239542961121
51.46522521972656 1.4995150566101074 0.8674814105033875 0.011411437764763832 -0.022980572655797005 -0.009410767816007137 0.9996265172958374
51.92108154296875 1.497064471244812 0.8849167227745056 0.0111848134547472 -0.023358173668384552 -0.008118844591081142 0.9996316432952881
52.567726135253906 1.4821486473083496 0.9129196405410767 0.01267456728965044 -0.0231961477547884 -0.00835113599896431 0.9996157288551331
52.87083053588867 1.4595938920974731 0.9264954924583435 0.015072801150381565 -0.022921279072761536 -0.007088635116815567 0.999598503112793
53.291866302490234 1.4649561643600464 0.9433913230895996 0.016721725463867188 -0.022581279277801514 -0.007864879444241524 0.9995742440223694
53.940826416015625 1.445173978805542 0.9724934101104736 0.016384173184633255 -0.022364908829331398 -0.008471379056572914 0.9995797276496887
54.222999572753906 1.4560978412628174 0.9904823303222656 0.015381867997348309 -0.02194468304514885 -0.007992351427674294 0.9996088743209839
54.733890533447266 1.4538613557815552 1.018312692642212 0.01309113297611475 -0.02090289443731308 -0.007814566604793072 0.9996652603149414
55.326751708984375 1.445805311203003 1.0357447862625122 0.013223523274064064 -0.019386248663067818 -0.006973045412451029 0.9997003078460693
55.58245086669922 1.4436396360397339 1.0301212072372437 0.014732800424098969 -0.020014991983771324 -0.006643334403634071 0.999669075012207
56.02015686035156 1.440958023071289 1.047452449798584 0.016352323815226555 -0.02263794280588627 -0.005853903014212847 0.9995928406715393
56.59432601928711 1.4277912378311157 1.0844449996948242 0.01739129051566124 -0.024042204022407532 -0.005406937096267939 0.9995450973510742
56.85142517089844 1.4246965646743774 1.1004449129104614 0.01788298226892948 -0.023912739008665085 -0.004891138058155775 0.9995421171188354
57.304359436035156 1.4391930103302002 1.1162341833114624 0.01584155485033989 -0.02403806895017624 -0.0049609048292040825 0.9995732307434082
57.84401321411133 1.4251456260681152 1.1347568035125732 0.01445684488862753 -0.024431303143501282 -0.004245338030159473 0.9995880126953125
58.17530059814453 1.4373779296875 1.1589957475662231 0.015803705900907516 -0.023394843563437462 -0.0035306799691170454 0.9995951652526855
58.548431396484375 1.4310152530670166 1.1804314851760864 0.017507610842585564 -0.02173648588359356 -0.0035327919758856297 0.9996042251586914
59.042537689208984 1.4223231077194214 1.1984449625015259 0.01702488400042057 -0.02134283073246479 -0.003351539373397827 0.9996216893196106
59.272621154785156 1.4341908693313599 1.2044123411178589 0.01613953895866871 -0.021976901218295097 -0.0029420903883874416 0.9996238946914673
59.64794921875 1.4364153146743774 1.2225345373153687 0.01573810912668705 -0.023192627355456352 -0.003190424060449004 0.9996020197868347
60.13406753540039 1.4217197895050049 1.2396780252456665 0.016818255186080933 -0.024403437972068787 -0.003867130959406495 0.9995532631874084
60.426639556884766 1.41816246509552 1.2509942054748535 0.018321210518479347 -0.025910140946507454 -0.004143399186432362 0.9994878172874451
60.674652099609375 1.4113965034484863 1.2627869844436646 0.02050132304430008 -0.027146389707922935 -0.004522580653429031 0.9994109869003296
61.159095764160156 1.3981624841690063 1.2913403511047363 0.021766338497400284 -0.027920549735426903 -0.005123520735651255 0.9993600249290466
61.36486053466797 1.4059151411056519 1.304487943649292 0.02195150963962078 -0.028147373348474503 -0.005773862358182669 0.9993460774421692
61.78188705444336 1.396470546722412 1.3312427997589111 0.02130177430808544 -0.02759162150323391 -0.006726799067109823 0.9993696808815002
62.184974670410156 1.3935140371322632 1.3515616655349731 0.02132154442369938 -0.02652536705136299 -0.007500994950532913 0.9993926286697388
62.47348403930664 1.3795372247695923 1.362706184387207 0.02292824536561966 -0.025401320308446884 -0.007910916581749916 0.9993830919265747
62.6953125 1.3706063032150269 1.3745430707931519 0.02514984831213951 -0.023973876610398293 -0.008332821540534496 0.9993614554405212
63.206661224365234 1.3580927848815918 1.3933779001235962 0.02649693191051483 -0.023029498755931854 -0.009360546246170998 0.999339759349823
63.38576126098633 1.3562051057815552 1.3991739749908447 0.025058243423700333 -0.02330712601542473 -0.010456561110913754 0.9993595480918884
63.767669677734375 1.354604721069336 1.4223037958145142 0.02425581030547619 -0.024107450619339943 -0.010722176171839237 0.9993575811386108
64.14483642578125 1.3511734008789062 1.4470129013061523 0.023748833686113358 -0.02457095868885517 -0.01221099030226469 0.9993413686752319
64.42134857177734 1.3363765478134155 1.457337737083435 0.024182453751564026 -0.025073332712054253 -0.012242904864251614 0.9993181228637695
64.66114044189453 1.3299514055252075 1.4627023935317993 0.025380512699484825 -0.02620793506503105 -0.013007999397814274 0.9992496371269226
65.12413787841797 1.3122472763061523 1.4830430746078491 0.025929054245352745 -0.026934048160910606 -0.01402553915977478 0.9992024302482605
65.28495788574219 1.3120530843734741 1.4816924333572388 0.025171780958771706 -0.027781546115875244 -0.014872695319354534 0.9991863965988159
65.70452117919922 1.3036389350891113 1.503960371017456 0.023630237206816673 -0.0284609105437994 -0.0153328413143754 0.9991979598999023
66.01801300048828 1.2980722188949585 1.521094560623169 0.02210189402103424 -0.028943918645381927 -0.016573084518313408 0.9991992115974426
66.26958465576172 1.2877589464187622 1.540254831314087 0.021398503333330154 -0.029202327132225037 -0.017015021294355392 0.999199628829956
66.51103973388672 1.2797954082489014 1.5580099821090698 0.021991785615682602 -0.029510455206036568 -0.017184266820549965 0.9991747736930847
66.96354675292969 1.259418249130249 1.583938479423523 0.022500187158584595 -0.02970585972070694 -0.01851169392466545 0.9991339445114136
67.12022399902344 1.2578409910202026 1.5886292457580566 0.021643931046128273 -0.030015215277671814 -0.018564365804195404 0.9991426467895508
67.48149108886719 1.253083348274231 1.601645588874817 0.01980862207710743 -0.031171809881925583 -0.019052064046263695 0.9991360902786255
67.83882904052734 1.2421828508377075 1.6215428113937378 0.017789658159017563 -0.03269808739423752 -0.01892382651567459 0.9991277456283569
68.06534576416016 1.2443437576293945 1.631415843963623 0.015571074560284615 -0.03393993899226189 -0.01863020472228527 0.9991288781166077
68.439697265625 1.234572172164917 1.6568324565887451 0.01448122039437294 -0.03519483283162117 -0.01831461675465107 0.9991077184677124
68.76290893554688 1.2237948179244995 1.6858826875686646 0.015193161554634571 -0.03543272614479065 -0.01802925206720829 0.9990939497947693
69.03365325927734 1.2084673643112183 1.7077398300170898 0.016249893233180046 -0.034841276705265045 -0.017721708863973618 0.9991036057472229
69.25961303710938 1.2012604475021362 1.72166907787323 0.016293959692120552 -0.03451576456427574 -0.018431639298796654 0.9991013407707214
69.61589050292969 1.1893200874328613 1.7415270805358887 0.016191013157367706 -0.034527383744716644 -0.018555253744125366 0.9991003274917603
69.8958511352539 1.1838208436965942 1.758184552192688 0.015377265401184559 -0.034513987600803375 -0.019439008086919785 0.9990968108177185
70.06578063964844 1.187045931816101 1.7669590711593628 0.013563037849962711 -0.034474000334739685 -0.020126989111304283 0.9991108775138855
70.47904968261719 1.1672545671463013 1.7958840131759644 0.012838369235396385 -0.034317322075366974 -0.02233145199716091 0.9990789890289307
70.70555877685547 1.146655559539795 1.812235713005066 0.01310340128839016 -0.03395772725343704 -0.02451598271727562 0.9990366101264954
70.97320556640625 1.125876784324646 1.8323049545288086 0.014078821986913681 -0.03322054445743561 -0.0269431434571743 0.9989856481552124
71.26487731933594 1.105454921722412 1.8521226644515991 0.01503437478095293 -0.032540492713451385 -0.02887837402522564 0.9989399909973145
71.52997589111328 1.088600993156433 1.866655945777893 0.01561270747333765 -0.032169684767723083 -0.02980128861963749 0.9989160299301147
71.70207214355469 1.078779935836792 1.879386067390442 0.015187346376478672 -0.03201880306005478 -0.030104350298643112 0.998918354511261
71.95061492919922 1.0678731203079224 1.8951667547225952 0.013700815849006176 -0.03129586577415466 -0.02961837127804756 0.9989773035049438
72.0764389038086 1.065921664237976 1.8981655836105347 0.012995277531445026 -0.031015919521450996 -0.029514245688915253 0.9989985823631287
72.34410858154297 1.0574769973754883 1.9108346700668335 0.013044368475675583 -0.031866103410720825 -0.028106890618801117 0.999011754989624
72.64021301269531 1.0359691381454468 1.9331955909729004 0.014215053990483284 -0.03245026618242264 -0.02664785645902157 0.9990169405937195
72.78312683105469 1.0326939821243286 1.9413164854049683 0.016084475442767143 -0.03244944289326668 -0.02593267895281315 0.9990074038505554
73.06380462646484 1.0169047117233276 1.9576025009155273 0.016631659120321274 -0.03240736201405525 -0.024795204401016235 0.9990286827087402
73.3147964477539 1.0036348104476929 1.9732465744018555 0.017000975087285042 -0.03237958997488022 -0.023365458473563194 0.9990578889846802
73.5215835571289 0.999071478843689 1.9848552942276 0.01743767410516739 -0.0322997123003006 -0.022463716566562653 0.9990736246109009
73.77242279052734 0.9878144860267639 1.997972846031189 0.016997314989566803 -0.03238162025809288 -0.02144334465265274 0.9991009831428528
73.98754119873047 0.9866739511489868 2.0119130611419678 0.015919292345643044 -0.032923582941293716 -0.020327288657426834 0.9991243481636047
74.23170471191406 0.9901952743530273 2.031559944152832 0.014908325858414173 -0.033075544983148575 -0.019202997907996178 0.9991571307182312
74.44944763183594 0.981487512588501 2.043370485305786 0.01422283984720707 -0.03290633484721184 -0.018283003941178322 0.9991899728775024
74.71346282958984 0.9814003109931946 2.058473587036133 0.013732871040701866 -0.03282805159687996 -0.017094098031520844 0.9992204904556274
74.93136596679688 0.979573130607605 2.071021556854248 0.012851506471633911 -0.03247677907347679 -0.01613345555961132 0.9992596507072449
75.24806213378906 0.966948926448822 2.0899295806884766 0.011938522569835186 -0.0321199856698513 -0.014499197714030743 0.9993075728416443
75.40410614013672 0.9662805795669556 2.099795341491699 0.012650636956095695 -0.032049473375082016 -0.013576893135905266 0.99931401014328
75.66393280029297 0.9638681411743164 2.1119542121887207 0.014126727357506752 -0.032291412353515625 -0.012268968857824802 0.99930340051651
75.9726791381836 0.9489054083824158 2.129794120788574 0.015107492916285992 -0.03280949965119362 -0.010990193113684654 0.9992870092391968
76.14505004882812 0.9539843201637268 2.1380951404571533 0.01572425104677677 -0.033122722059488297 -0.010223533026874065 0.999275267124176
76.38133239746094 0.9502127766609192 2.1531012058258057 0.015594935975968838 -0.03284522891044617 -0.009442077949643135 0.9992942214012146
76.71517944335938 0.9389949440956116 2.1775851249694824 0.01413887832313776 -0.03232596814632416 -0.009347530081868172 0.9993336796760559
76.89263153076172 0.9529598355293274 2.1861472129821777 0.012197570875287056 -0.03179078921675682 -0.008976133540272713 0.9993798136711121
77.18631744384766 0.9568248987197876 2.2034120559692383 0.010622004047036171 -0.031692784279584885 -0.008877227082848549 0.9994018077850342
77.51435852050781 0.9468175172805786 2.22310733795166 0.009231538511812687 -0.0314251184463501 -0.009003759361803532 0.9994229078292847
77.68095397949219 0.9533964991569519 2.232323169708252 0.009126986376941204 -0.031156856566667557 -0.008997872471809387 0.999432384967804
78.00386047363281 0.946130096912384 2.2464160919189453 0.009974226355552673 -0.031386975198984146 -0.00895407609641552 0.9994174242019653
78.35420227050781 0.93399578332901 2.2672982215881348 0.010757538489997387 -0.031553853303194046 -0.009114332497119904 0.9994025826454163
78.51119232177734 0.9304041266441345 2.274747371673584 0.010599006898701191 -0.032105010002851486 -0.009080473333597183 0.9993870854377747
78.773193359375 0.932964563369751 2.2939212322235107 0.010167174972593784 -0.03254791721701622 -0.009003187529742718 0.999377965927124
79.20455169677734 0.921309232711792 2.3217151165008545 0.00991935282945633 -0.03218404948711395 -0.008771879598498344 0.9993942379951477
79.37132263183594 0.927099347114563 2.3317129611968994 0.009434416890144348 -0.03116520866751671 -0.009195592254400253 0.9994274377822876
79.68449401855469 0.9201548099517822 2.3470873832702637 0.008677723817527294 -0.029993973672389984 -0.009257534518837929 0.9994695782661438
80.0666275024414 0.9233754873275757 2.361196279525757 0.0074843475595116615 -0.028937485069036484 -0.009651482105255127 0.9995065927505493
80.28665924072266 0.9195647835731506 2.3755393028259277 0.005889217369258404 -0.0282386913895607 -0.010257569141685963 0.9995312094688416
80.62799072265625 0.9134586453437805 2.393488645553589 0.006355619989335537 -0.02725093811750412 -0.010294951498508453 0.9995554089546204
81.01930236816406 0.896986722946167 2.4167404174804688 0.00755814416334033 -0.02582843415439129 -0.010817661881446838 0.9995793104171753
81.18988800048828 0.900901734828949 2.4272706508636475 0.00755893811583519 -0.02360433153808117 -0.011165724135935307 0.9996304512023926
81.52469635009766 0.8954861164093018 2.442121744155884 0.006890969816595316 -0.02181403338909149 -0.011754869483411312 0.9996691942214966
81.96295928955078 0.8825609683990479 2.4586849212646484 0.006540574133396149 -0.021277735009789467 -0.012200814671814442 0.9996777772903442
82.14122772216797 0.8828778862953186 2.4647903442382812 0.0059415134601294994 -0.02160494588315487 -0.012996179983019829 0.9996644854545593
82.4781723022461 0.8845403790473938 2.480243682861328 0.004809082951396704 -0.022176742553710938 -0.013720243237912655 0.99964839220047
82.8650131225586 0.8726823329925537 2.4975454807281494 0.003304289421066642 -0.022149834781885147 -0.015993710607290268 0.9996212720870972
83.08607482910156 0.8514014482498169 2.5081982612609863 0.0028076202142983675 -0.021891748532652855 -0.016936134546995163 0.9996129870414734
83.3589096069336 0.8511146306991577 2.5185317993164062 0.003274722257629037 -0.02171686850488186 -0.01830539107322693 0.9995911717414856
83.7490234375 0.8242263793945312 2.5276899337768555 0.00447065057232976 -0.022143511101603508 -0.020066004246473312 0.9995434284210205
83.93547058105469 0.8270516395568848 2.534886598587036 0.004375063814222813 -0.022874778136610985 -0.02099566161632538 0.999508261680603
84.17406463623047 0.8013496994972229 2.5427966117858887 0.0033912004437297583 -0.023192688822746277 -0.021669039502739906 0.9994904398918152
84.59321594238281 0.7982431054115295 2.5632004737854004 0.0018691623117774725 -0.023676300421357155 -0.023141423240303993 0.9994500279426575
84.7901382446289 0.7892016172409058 2.5802419185638428 0.0010266388999298215 -0.02340717613697052 -0.02380143664777279 0.9994421601295471
85.03861236572266 0.7774677276611328 2.593604564666748 -0.0001294686080655083 -0.022116756066679955 -0.02479885146021843 0.999447762966156
85.40419006347656 0.7591127157211304 2.6087770462036133 -0.0014886572025716305 -0.020610174164175987 -0.02619416080415249 0.9994432926177979
85.575927734375 0.7601336240768433 2.6108109951019287 -0.002651993650943041 -0.01957716979086399 -0.02670203521847725 0.9994482398033142
85.84905242919922 0.7411025166511536 2.61433744430542 -0.002452192362397909 -0.020235782489180565 -0.02777547761797905 0.9994063377380371
86.1790771484375 0.7190008759498596 2.6270532608032227 -0.0012765181018039584 -0.021882664412260056 -0.028687482699751854 0.9993481040000916
86.3359375 0.7079633474349976 2.637895107269287 2.188745747844223e-05 -0.023302430287003517 -0.02928566001355648 0.9992994666099548
86.57418060302734 0.6907952427864075 2.6496479511260986 0.0003278151270933449 -0.023990310728549957 -0.0298557598143816 0.9992662072181702
86.92098236083984 0.6675752997398376 2.669861316680908 -0.00010865816147997975 -0.02405872754752636 -0.031234011054039 0.9992225170135498
87.06979370117188 0.665263831615448 2.6807167530059814 -0.0012152971467003226 -0.0231951791793108 -0.03143293783068657 0.999235987663269
87.292724609375 0.6540242433547974 2.6881656646728516 -0.0026289885863661766 -0.022900307551026344 -0.03230326995253563 0.9992123246192932
87.61046600341797 0.6401943564414978 2.6973612308502197 -0.00364422844722867 -0.02374286763370037 -0.033188458532094955 0.9991604089736938
87.76696014404297 0.6386389136314392 2.6992547512054443 -0.005008178297430277 -0.025371333584189415 -0.033510349690914154 0.9991037249565125
87.97161102294922 0.6133549213409424 2.7033588886260986 -0.005763327702879906 -0.027261782437562943 -0.0338750034570694 0.9990375638008118
88.29336547851562 0.6028909683227539 2.72338604927063 -0.006432006135582924 -0.02822212502360344 -0.03533389791846275 0.9989563226699829
88.41820526123047 0.593787431716919 2.7317402362823486 -0.00674374308437109 -0.027656681835651398 -0.03583160787820816 0.998952329158783
88.66546630859375 0.573594331741333 2.7466812133789062 -0.006960583385080099 -0.02676486410200596 -0.03635922074317932 0.9989560842514038
88.96189880371094 0.5538178086280823 2.764104127883911 -0.006719035562127829 -0.02554847113788128 -0.03685496747493744 0.9989714026451111
89.12442779541016 0.5441064238548279 2.7732386589050293 -0.007094431668519974 -0.02430439367890358 -0.037458933889865875 0.9989774227142334
89.33683013916016 0.5171821117401123 2.779149055480957 -0.005687238648533821 -0.022664112970232964 -0.037441518157720566 0.9990255832672119
89.6516342163086 0.4998251497745514 2.78845477104187 -0.004613975062966347 -0.021845892071723938 -0.03866038843989372 0.9990029335021973
89.78986358642578 0.47602975368499756 2.7924880981445312 -0.004188253544270992 -0.021756906062364578 -0.038994189351797104 0.9989937543869019
90.03394317626953 0.4625123143196106 2.8069543838500977 -0.004152716603130102 -0.021472608670592308 -0.03956741467118263 0.998977541923523
90.32796478271484 0.44355425238609314 2.8234212398529053 -0.004602263681590557 -0.020886767655611038 -0.03983854874968529 0.9989772439002991
90.48759460449219 0.42784151434898376 2.830653429031372 -0.004730680491775274 -0.02016102708876133 -0.03974754735827446 0.9989951848983765
90.69256591796875 0.4166470170021057 2.8411366939544678 -0.0048035988584160805 -0.01919245533645153 -0.03922346234321594 0.999034583568573
91.01287078857422 0.39568185806274414 2.8530967235565186 -0.005010162014514208 -0.018110893666744232 -0.03861290216445923 0.999077558517456
91.151611328125 0.3925330936908722 2.8608317375183105 -0.006103675812482834 -0.01736302301287651 -0.038338176906108856 0.9990953207015991
91.35556030273438 0.3762573301792145 2.864750862121582 -0.006827824283391237 -0.016900718212127686 -0.037734683603048325 0.9991215467453003
91.69065856933594 0.35533201694488525 2.8735430240631104 -0.00687894644215703 -0.016852864995598793 -0.03677160665392876 0.9991579055786133
91.85230255126953 0.3469664454460144 2.872936725616455 -0.005762697663158178 -0.017411008477211 -0.03679699823260307 0.9991544485092163
92.05134582519531 0.3276028335094452 2.878432512283325 -0.00497371144592762 -0.01844652183353901 -0.035977061837911606 0.9991699457168579
92.37456512451172 0.3059593737125397 2.8906755447387695 -0.004208509810268879 -0.01856159046292305 -0.03491450101137161 0.9992090463638306
92.5157699584961 0.30306276679039 2.8994765281677246 -0.004787843208760023 -0.01814211905002594 -0.03470822423696518 0.9992213249206543
92.73188781738281 0.2916868329048157 2.9106173515319824 -0.005580607336014509 -0.017519915476441383 -0.03383214399218559 0.9992583990097046
93.07333374023438 0.2765118181705475 2.9219930171966553 -0.006081579253077507 -0.016277650371193886 -0.032725729048252106 0.9993132948875427
93.19961547851562 0.26716625690460205 2.9225575923919678 -0.005659002345055342 -0.01500963419675827 -0.03211208060383797 0.9993555545806885
93.45569610595703 0.251534640789032 2.9246907234191895 -0.004852837882936001 -0.01432250440120697 -0.03128945454955101 0.9993959665298462
93.74396514892578 0.23095034062862396 2.9307496547698975 -0.004597011022269726 -0.014129743911325932 -0.030072089284658432 0.9994372725486755
93.93099975585938 0.22690869867801666 2.9381754398345947 -0.004920199979096651 -0.013912773691117764 -0.029430076479911804 0.9994579553604126
94.18753051757812 0.2192518264055252 2.948086977005005 -0.0053229243494570255 -0.013319257646799088 -0.02778162620961666 0.9995111227035522
94.4931411743164 0.20562952756881714 2.957723617553711 -0.004816778469830751 -0.012678121216595173 -0.026095347478985786 0.999567449092865
94.61481475830078 0.19999633729457855 2.9634852409362793 -0.004080817103385925 -0.01218242198228836 -0.025407778099179268 0.9995946288108826
94.87737274169922 0.18578700721263885 2.968517780303955 -0.004065975546836853 -0.011810345575213432 -0.023935828357934952 0.9996355175971985
95.15628814697266 0.18514493107795715 2.973876476287842 -0.004916195757687092 -0.011814162135124207 -0.02235158160328865 0.999668300151825
95.31625366210938 0.18408100306987762 2.9779481887817383 -0.0053427694365382195 -0.011785165406763554 -0.021157220005989075 0.999692440032959
95.5454330444336 0.17663374543190002 2.9826247692108154 -0.005492649972438812 -0.011676391586661339 -0.020091259852051735 0.9997149109840393
95.85273742675781 0.16518504917621613 2.9867751598358154 -0.0050102644599974155 -0.011764049530029297 -0.01832350343465805 0.9997503757476807
96.01102447509766 0.16402442753314972 2.9869871139526367 -0.004212980158627033 -0.01189312245696783 -0.01735273376107216 0.9997698068618774
96.2151107788086 0.15807828307151794 2.991814136505127 -0.004075060598552227 -0.012056181207299232 -0.01622050069272518 0.999787449836731
96.46292877197266 0.15412285923957825 2.9992918968200684 -0.0043821572326123714 -0.011687427759170532 -0.014780270867049694 0.9998128414154053
96.63932037353516 0.1552233099937439 3.002450942993164 -0.004624779801815748 -0.011073333211243153 -0.013881520368158817 0.9998316764831543
96.87144470214844 0.15142233669757843 3.0079071521759033 -0.004853688180446625 -0.010519631206989288 -0.012682979926466942 0.9998524785041809
97.12904357910156 0.16148927807807922 3.0130364894866943 -0.004780453629791737 -0.010040807537734509 -0.011637317948043346 0.9998704791069031
97.26293182373047 0.04352399706840515 3.0197219848632812 -0.004917524755001068 -0.009856263175606728 -0.014126911759376526 0.9998395442962646
97.48944091796875 0.14727731049060822 3.0226616859436035 -0.004787762183696032 -0.009663487784564495 -0.010530575178563595 0.9998863935470581
97.73087310791016 0.1452154964208603 3.02669358253479 -0.0055435034446418285 -0.009344750083982944 -0.009638831950724125 0.9998944997787476
97.85101318359375 0.14758586883544922 3.031550645828247 -0.00642379280179739 -0.008746078237891197 -0.009323586709797382 0.9998977184295654
98.0504150390625 0.14686578512191772 3.0345139503479004 -0.006434320472180843 -0.0079991789534688 -0.00875187199562788 0.999908983707428
98.28810119628906 0.13960270583629608 3.03332257270813 -0.005577805917710066 -0.007438118103891611 -0.007978031411767006 0.9999249577522278
98.47149658203125 0.13803671300411224 3.034785509109497 -0.004931168630719185 -0.0071183484978973866 -0.007511648815125227 0.9999343156814575
98.61707305908203 0.13694418966770172 3.0371997356414795 -0.004894348792731762 -0.006684757303446531 -0.006965696346014738 0.9999414086341858
98.83981323242188 0.14123784005641937 3.0403342247009277 -0.005043805576860905 -0.006094792857766151 -0.006258115172386169 0.9999491572380066
98.99344635009766 0.1394202560186386 3.0420632362365723 -0.005162522662431002 -0.005702275317162275 -0.00588602339848876 0.9999530911445618
99.19359588623047 0.13838060200214386 3.0421526432037354 -0.004982597194612026 -0.005355872679501772 -0.005222596228122711 0.9999595880508423
99.44708251953125 0.13977904617786407 3.047024965286255 -0.004829693119972944 -0.004908658564090729 -0.004455105867236853 0.9999663829803467
99.52361297607422 0.14410123229026794 3.0474188327789307 -0.004963072948157787 -0.004279784858226776 -0.004296041093766689 0.9999693036079407
99.75695037841797 0.1454295665025711 3.0516672134399414 -0.005321713164448738 -0.0038161487318575382 -0.003551540896296501 0.9999722838401794
99.99983215332031 0.14512233436107635 3.0544209480285645 -0.005613005254417658 -0.003278999822214246 -0.002765075070783496 0.9999750852584839
100.13582611083984 0.1454070657491684 3.0586419105529785 -0.005495368968695402 -0.002780226292088628 -0.002636115765199065 0.9999775290489197
100.28776550292969 0.14895465970039368 3.0615739822387695 -0.005392028018832207 -0.0019361407030373812 -0.0018590036779642105 0.9999818801879883
100.5934066772461 0.1480908989906311 3.0601186752319336 -0.005714640486985445 -0.0009308886365033686 -0.0013112429296597838 0.9999823570251465
100.7044906616211 0.15422140061855316 3.057196617126465 -0.006126538850367069 -0.0004228058096487075 -0.0009000565041787922 0.9999807476997375
100.90361785888672 0.15862953662872314 3.0565574169158936 -0.006039431318640709 -0.0001224661828018725 -0.0003420448338147253 0.999981701374054
101.13374328613281 0.15403516590595245 3.054500102996826 -0.00551573745906353 0.0002473823260515928 0.00038198003312572837 0.9999847412109375
101.2939224243164 0.1573755443096161 3.0538244247436523 -0.005370177794247866 0.00045627279905602336 0.0007427334203384817 0.9999852180480957
101.50703430175781 0.15841232240200043 3.0534799098968506 -0.005511446390300989 0.0006891742232255638 0.001421500463038683 0.999983549118042
101.75492858886719 0.16410478949546814 3.053907871246338 -0.005644415505230427 0.0010135354241356254 0.0021658712066709995 0.9999812245368958
101.8948745727539 0.16984452307224274 3.053927421569824 -0.00530978012830019 0.0014786592219024897 0.0024827232118695974 0.9999817609786987
102.08269500732422 0.16729779541492462 3.0517284870147705 -0.004914159886538982 0.0018714574398472905 0.0029921741224825382 0.999981701374054
102.33272552490234 0.17364530265331268 3.0535871982574463 -0.004864169750362635 0.0022579170763492584 0.003693126142024994 0.99997878074646
102.4717788696289 0.17736633121967316 3.0570151805877686 -0.0053633954375982285 0.002934309421107173 0.003919278271496296 0.9999736547470093
102.67220306396484 0.18137408792972565 3.0581061840057373 -0.005971122067421675 0.003940332215279341 0.004472010303288698 0.9999644160270691
102.96817016601562 0.18157149851322174 3.0514309406280518 -0.005859739612787962 0.004898812156170607 0.004943466279655695 0.9999586343765259
103.04765319824219 0.18406082689762115 3.0477588176727295 -0.005323455203324556 0.005341845564544201 0.004890233278274536 0.9999596476554871
103.30146026611328 0.18598072230815887 3.0449588298797607 -0.005406194366514683 0.005670007783919573 0.005177705083042383 0.999955952167511
103.53470611572266 0.19105830788612366 3.0402562618255615 -0.0056507037952542305 0.006158930715173483 0.005486553069204092 0.9999500513076782
103.6982192993164 0.1994585394859314 3.036259412765503 -0.005900481250137091 0.006432268302887678 0.005756683647632599 0.999945342540741
103.92120361328125 0.19713513553142548 3.0337517261505127 -0.005663630086928606 0.006653570104390383 0.005967134144157171 0.9999440312385559
104.18412017822266 0.2088613361120224 3.0318503379821777 -0.0052881380543112755 0.007028945256024599 0.006171380635350943 0.9999423027038574
104.38996124267578 0.20981833338737488 3.029576301574707 -0.005287516862154007 0.00751077476888895 0.006613701116293669 0.9999359846115112
104.54300689697266 0.21728254854679108 3.0269861221313477 -0.005245063453912735 0.007825865410268307 0.006856970489025116 0.9999321103096008
104.83113098144531 0.21855022013187408 3.0252788066864014 -0.0052573103457689285 0.00812711101025343 0.0073117343708872795 0.9999264478683472
104.95794677734375 0.21773847937583923 3.023000717163086 -0.005040701013058424 0.008396855555474758 0.007487273775041103 0.9999240040779114
105.17803955078125 0.22941970825195312 3.0210187435150146 -0.005139624234288931 0.008465046994388103 0.00768393836915493 0.999921441078186
105.42945861816406 0.2309218943119049 3.014535665512085 -0.005584134720265865 0.008759907446801662 0.007994374260306358 0.9999141097068787
105.616455078125 0.24391178786754608 2.9953949451446533 -0.0064391279593110085 0.006724109873175621 0.008311601355671883 0.9999220967292786
105.74789428710938 0.24133309721946716 3.0010807514190674 -0.006533256731927395 0.0033548397477716208 0.008518672548234463 0.9999367594718933
106.03791046142578 0.25160375237464905 3.021195888519287 -0.005107248201966286 0.00367729808203876 0.008911254815757275 0.9999405145645142
106.17436218261719 0.24724926054477692 3.016159772872925 -0.003828140441328287 0.0063482304103672504 0.008844921365380287 0.9999334216117859
106.4185791015625 0.25031155347824097 3.00494384765625 -0.003734052646905184 0.008844186551868916 0.009076638147234917 0.9999127388000488
106.68525695800781 0.2592100203037262 2.989758014678955 -0.0032699736766517162 0.010401181876659393 0.009613553062081337 0.999894380569458
106.83302307128906 0.2588671147823334 2.98500919342041 -0.0029398538172245026 0.011341824196279049 0.009605306200683117 0.9998852610588074
107.04032135009766 0.2593190371990204 2.9783291816711426 -0.0015866926405578852 0.012193707749247551 0.009987049736082554 0.9998745322227478
107.33589935302734 0.26845625042915344 2.973447561264038 -7.854106661397964e-05 0.013040304183959961 0.01008062157779932 0.9998641610145569
107.46903228759766 0.27046796679496765 2.9748544692993164 -0.0005275906296446919 0.01429180707782507 0.01002514734864235 0.9998474717140198
107.74429321289062 0.2736218273639679 2.9720847606658936 -0.0019858391024172306 0.016445187851786613 0.010178416036069393 0.9998109936714172
107.96437072753906 0.30519771575927734 2.958597421646118 -0.00335641554556787 0.01858196035027504 0.009920461103320122 0.9997724890708923
108.1512222290039 0.29290685057640076 2.9550607204437256 -0.0029712917748838663 0.019740592688322067 0.010045044124126434 0.9997502565383911
108.3384017944336 0.30160877108573914 2.9736862182617188 -0.0021316632628440857 0.023242171853780746 0.009906725957989693 0.9996784925460815
108.62384033203125 0.30870822072029114 2.9587337970733643 -0.001969162607565522 0.02633056789636612 0.010362617671489716 0.9995976090431213
108.74971008300781 0.30817821621894836 2.9360225200653076 -0.0029324940405786037 0.026155894622206688 0.010498660616576672 0.9995984435081482
108.91343688964844 0.3278462886810303 2.9206278324127197 -0.0027148835361003876 0.02548353560268879 0.01034664735198021 0.9996180534362793
109.13397979736328 0.31198614835739136 2.9069838523864746 -0.002241723705083132 0.025411708280444145 0.010239889845252037 0.9996221661567688
109.28651428222656 0.32577356696128845 2.8917174339294434 -0.001410667086020112 0.024039754644036293 0.010500404052436352 0.9996548891067505
109.38578033447266 0.3339477777481079 2.8937525749206543 -0.0014633574755862355 0.02133909985423088 0.010576177388429642 0.999715268611908
109.59262084960938 0.32882532477378845 2.8930325508117676 -0.0023129808250814676 0.018931794911623 0.010769864544272423 0.999760091304779
109.678955078125 0.34248271584510803 2.8954081535339355 -0.0026427770499140024 0.01719669997692108 0.011157684028148651 0.999786376953125
109.77534484863281 0.3417363464832306 2.8955588340759277 -0.002614362398162484 0.016184430569410324 0.011142999865114689 0.9998034834861755
